kernel,shape_id,shape_label,split,repeat,arm,generation,config_hash,config,status,perf_ms,compile_time_s,seeded_by_heuristic
softmax,SO_001,256x4096,train,0,heuristics,0,b48181f977e3a773,"{""atomic_indexing"": [], ""block_sizes"": [16], ""indexing"": [""tensor_descriptor"", ""tensor_descriptor"", ""pointer"", ""tensor_descriptor"", ""tensor_descriptor"", ""tensor_descriptor""], ""load_eviction_policies"": [""last"", ""first"", """", ""last""], ""num_stages"": 3, ""num_warps"": 16, ""pid_type"": ""flat"", ""range_flattens"": [null], ""range_multi_buffers"": [null], ""range_num_stages"": [0], ""range_unroll_factors"": [0], ""range_warp_specializes"": [null], ""reduction_loops"": [null]}",ok,21.536000072956085,0.609269380569458,1
softmax,SO_001,256x4096,train,0,heuristics,0,2eaa47515491baec,"{""atomic_indexing"": [], ""block_sizes"": [4], ""indexing"": [""pointer"", ""tensor_descriptor"", ""tensor_descriptor"", ""tensor_descriptor"", ""pointer"", ""tensor_descriptor""], ""load_eviction_policies"": ["""", """", """", ""last""], ""num_stages"": 7, ""num_warps"": 4, ""pid_type"": ""flat"", ""range_flattens"": [null], ""range_multi_buffers"": [null], ""range_num_stages"": [0], ""range_unroll_factors"": [0], ""range_warp_specializes"": [null], ""reduction_loops"": [null]}",ok,11.296000331640244,0.24000191688537598,1
softmax,SO_001,256x4096,train,0,heuristics,0,f5217d8ba28efb96,"{""atomic_indexing"": [], ""block_sizes"": [16], ""indexing"": [""pointer"", ""pointer"", ""pointer"", ""tensor_descriptor"", ""pointer"", ""pointer""], ""load_eviction_policies"": [""first"", """", ""last"", ""last""], ""num_stages"": 4, ""num_warps"": 16, ""pid_type"": ""flat"", ""range_flattens"": [null], ""range_multi_buffers"": [null], ""range_num_stages"": [0], ""range_unroll_factors"": [0], ""range_warp_specializes"": [null], ""reduction_loops"": [null]}",ok,17.44000054895878,0.5334651470184326,1
softmax,SO_001,256x4096,train,0,heuristics,0,2762deffa84c958d,"{""atomic_indexing"": [], ""block_sizes"": [16], ""indexing"": [""tensor_descriptor"", ""pointer"", ""pointer"", ""pointer"", ""pointer"", ""tensor_descriptor""], ""load_eviction_policies"": ["""", ""first"", ""last"", """"], ""num_stages"": 1, ""num_warps"": 16, ""pid_type"": ""flat"", ""range_flattens"": [null], ""range_multi_buffers"": [null], ""range_num_stages"": [0], ""range_unroll_factors"": [0], ""range_warp_specializes"": [null], ""reduction_loops"": [null]}",ok,17.40800030529499,0.22160005569458008,1
softmax,SO_001,256x4096,train,0,heuristics,0,9075cf58f9bd030f,"{""atomic_indexing"": [], ""block_sizes"": [2], ""indexing"": [""tensor_descriptor"", ""pointer"", ""pointer"", ""tensor_descriptor"", ""pointer"", ""pointer""], ""load_eviction_policies"": [""first"", ""first"", """", """"], ""num_stages"": 5, ""num_warps"": 4, ""pid_type"": ""flat"", ""range_flattens"": [null], ""range_multi_buffers"": [null], ""range_num_stages"": [0], ""range_unroll_factors"": [0], ""range_warp_specializes"": [null], ""reduction_loops"": [null]}",ok,9.247999638319016,0.31679248809814453,1
softmax,SO_001,256x4096,train,0,heuristics,0,737389bd6928bf84,"{""atomic_indexing"": [], ""block_sizes"": [2], ""indexing"": [""pointer"", ""tensor_descriptor"", ""pointer"", ""pointer"", ""pointer"", ""tensor_descriptor""], ""load_eviction_policies"": [""last"", """", ""first"", ""last""], ""num_stages"": 4, ""num_warps"": 4, ""pid_type"": ""flat"", ""range_flattens"": [null], ""range_multi_buffers"": [null], ""range_num_stages"": [0], ""range_unroll_factors"": [0], ""range_warp_specializes"": [null], ""reduction_loops"": [null]}",ok,7.360000163316727,0.3069021701812744,1
softmax,SO_001,256x4096,train,0,heuristics,0,37354fe485337843,"{""atomic_indexing"": [], ""block_sizes"": [2], ""indexing"": [""pointer"", ""tensor_descriptor"", ""pointer"", ""pointer"", ""pointer"", ""pointer""], ""load_eviction_policies"": [""last"", ""last"", ""first"", ""first""], ""num_stages"": 7, ""num_warps"": 4, ""pid_type"": ""flat"", ""range_flattens"": [null], ""range_multi_buffers"": [null], ""range_num_stages"": [0], ""range_unroll_factors"": [0], ""range_warp_specializes"": [null], ""reduction_loops"": [null]}",ok,7.327999919652939,0.30353403091430664,1
softmax,SO_001,256x4096,train,0,heuristics,0,5776fd0ad909b2f2,"{""atomic_indexing"": [], ""block_sizes"": [2], ""indexing"": [""tensor_descriptor"", ""tensor_descriptor"", ""tensor_descriptor"", ""pointer"", ""pointer"", ""pointer""], ""load_eviction_policies"": ["""", ""first"", """", ""last""], ""num_stages"": 4, ""num_warps"": 4, ""pid_type"": ""flat"", ""range_flattens"": [null], ""range_multi_buffers"": [null], ""range_num_stages"": [0], ""range_unroll_factors"": [0], ""range_warp_specializes"": [null], ""reduction_loops"": [null]}",ok,7.391999941319227,0.3038966655731201,1
softmax,SO_001,256x4096,train,0,heuristics,0,4fbe96db09effbd2,"{""atomic_indexing"": [], ""block_sizes"": [2], ""indexing"": [""pointer"", ""pointer"", ""tensor_descriptor"", ""tensor_descriptor"", ""pointer"", ""pointer""], ""load_eviction_policies"": ["""", ""last"", ""last"", """"], ""num_stages"": 3, ""num_warps"": 4, ""pid_type"": ""flat"", ""range_flattens"": [null], ""range_multi_buffers"": [null], ""range_num_stages"": [0], ""range_unroll_factors"": [0], ""range_warp_specializes"": [null], ""reduction_loops"": [null]}",ok,7.360000163316727,0.17815804481506348,1
softmax,SO_001,256x4096,train,0,heuristics,0,95e222b5e08b45db,"{""atomic_indexing"": [], ""block_sizes"": [1], ""indexing"": [""pointer"", ""pointer"", ""pointer"", ""pointer"", ""pointer"", ""tensor_descriptor""], ""load_eviction_policies"": ["""", ""last"", """", ""first""], ""num_stages"": 3, ""num_warps"": 4, ""pid_type"": ""flat"", ""range_flattens"": [null], ""range_multi_buffers"": [null], ""range_num_stages"": [0], ""range_unroll_factors"": [0], ""range_warp_specializes"": [null], ""reduction_loops"": [null]}",ok,7.199999876320362,0.21453142166137695,1
softmax,SO_001,256x4096,train,0,heuristics,0,e7669f72e60d9a55,"{""atomic_indexing"": [], ""block_sizes"": [1], ""indexing"": [""tensor_descriptor"", ""pointer"", ""pointer"", ""pointer"", ""tensor_descriptor"", ""pointer""], ""load_eviction_policies"": ["""", ""first"", """", ""last""], ""num_stages"": 2, ""num_warps"": 4, ""pid_type"": ""flat"", ""range_flattens"": [null], ""range_multi_buffers"": [null], ""range_num_stages"": [0], ""range_unroll_factors"": [0], ""range_warp_specializes"": [null], ""reduction_loops"": [null]}",ok,7.199999876320362,0.16430878639221191,1
softmax,SO_001,256x4096,train,0,heuristics,0,e808571f5d538fbe,"{""atomic_indexing"": [], ""block_sizes"": [1], ""indexing"": [""tensor_descriptor"", ""tensor_descriptor"", ""tensor_descriptor"", ""pointer"", ""pointer"", ""pointer""], ""load_eviction_policies"": ["""", ""last"", ""last"", """"], ""num_stages"": 3, ""num_warps"": 4, ""pid_type"": ""flat"", ""range_flattens"": [null], ""range_multi_buffers"": [null], ""range_num_stages"": [0], ""range_unroll_factors"": [0], ""range_warp_specializes"": [null], ""reduction_loops"": [null]}",ok,7.199999876320362,0.21282029151916504,1
softmax,SO_001,256x4096,train,0,heuristics,0,085bea581ac19295,"{""atomic_indexing"": [], ""block_sizes"": [1], ""indexing"": [""pointer"", ""pointer"", ""tensor_descriptor"", ""pointer"", ""pointer"", ""tensor_descriptor""], ""load_eviction_policies"": [""first"", """", """", """"], ""num_stages"": 4, ""num_warps"": 2, ""pid_type"": ""flat"", ""range_flattens"": [null], ""range_multi_buffers"": [null], ""range_num_stages"": [0], ""range_unroll_factors"": [0], ""range_warp_specializes"": [null], ""reduction_loops"": [null]}",ok,9.247999638319016,0.31096601486206055,1
softmax,SO_001,256x4096,train,0,heuristics,0,1267f42f328081fb,"{""atomic_indexing"": [], ""block_sizes"": [1], ""indexing"": [""pointer"", ""tensor_descriptor"", ""pointer"", ""pointer"", ""tensor_descriptor"", ""pointer""], ""load_eviction_policies"": [""last"", ""last"", """", ""last""], ""num_stages"": 1, ""num_warps"": 2, ""pid_type"": ""flat"", ""range_flattens"": [null], ""range_multi_buffers"": [null], ""range_num_stages"": [0], ""range_unroll_factors"": [0], ""range_warp_specializes"": [null], ""reduction_loops"": [null]}",ok,9.247999638319016,0.3159182071685791,1
softmax,SO_001,256x4096,train,0,heuristics,0,08179a1f017a849e,"{""atomic_indexing"": [], ""block_sizes"": [1], ""indexing"": [""pointer"", ""tensor_descriptor"", ""pointer"", ""tensor_descriptor"", ""pointer"", ""pointer""], ""load_eviction_policies"": ["""", ""first"", """", """"], ""num_stages"": 1, ""num_warps"": 2, ""pid_type"": ""flat"", ""range_flattens"": [null], ""range_multi_buffers"": [null], ""range_num_stages"": [0], ""range_unroll_factors"": [0], ""range_warp_specializes"": [null], ""reduction_loops"": [null]}",ok,9.247999638319016,0.303955078125,1
softmax,SO_001,256x4096,train,0,heuristics,0,4db99bd1b1fd307f,"{""atomic_indexing"": [], ""block_sizes"": [1], ""indexing"": [""tensor_descriptor"", ""pointer"", ""pointer"", ""pointer"", ""tensor_descriptor"", ""pointer""], ""load_eviction_policies"": [""first"", """", ""last"", ""last""], ""num_stages"": 1, ""num_warps"": 4, ""pid_type"": ""flat"", ""range_flattens"": [null], ""range_multi_buffers"": [null], ""range_num_stages"": [0], ""range_unroll_factors"": [0], ""range_warp_specializes"": [null], ""reduction_loops"": [null]}",ok,7.199999876320362,0.21828603744506836,1
softmax,SO_001,256x4096,train,0,heuristics,0,e9936258141334eb,"{""atomic_indexing"": [], ""block_sizes"": [1], ""indexing"": [""tensor_descriptor"", ""pointer"", ""pointer"", ""pointer"", ""pointer"", ""tensor_descriptor""], ""load_eviction_policies"": [""first"", ""first"", ""last"", ""last""], ""num_stages"": 4, ""num_warps"": 2, ""pid_type"": ""flat"", ""range_flattens"": [null], ""range_multi_buffers"": [null], ""range_num_stages"": [0], ""range_unroll_factors"": [0], ""range_warp_specializes"": [null], ""reduction_loops"": [null]}",ok,9.247999638319016,0.30021047592163086,1
softmax,SO_001,256x4096,train,0,heuristics,0,434f8e224d142a8b,"{""atomic_indexing"": [], ""block_sizes"": [1], ""indexing"": [""tensor_descriptor"", ""tensor_descriptor"", ""tensor_descriptor"", ""tensor_descriptor"", ""tensor_descriptor"", ""pointer""], ""load_eviction_policies"": ["""", ""first"", """", """"], ""num_stages"": 3, ""num_warps"": 4, ""pid_type"": ""flat"", ""range_flattens"": [null], ""range_multi_buffers"": [null], ""range_num_stages"": [0], ""range_unroll_factors"": [0], ""range_warp_specializes"": [null], ""reduction_loops"": [null]}",ok,7.199999876320362,0.21322131156921387,1
softmax,SO_001,256x4096,train,0,heuristics,0,68752d78a5f2f718,"{""atomic_indexing"": [], ""block_sizes"": [1], ""indexing"": [""pointer"", ""tensor_descriptor"", ""tensor_descriptor"", ""tensor_descriptor"", ""pointer"", ""tensor_descriptor""], ""load_eviction_policies"": ["""", """", ""last"", """"], ""num_stages"": 5, ""num_warps"": 4, ""pid_type"": ""flat"", ""range_flattens"": [null], ""range_multi_buffers"": [null], ""range_num_stages"": [0], ""range_unroll_factors"": [0], ""range_warp_specializes"": [null], ""reduction_loops"": [null]}",ok,7.199999876320362,0.2141554355621338,1
softmax,SO_001,256x4096,train,0,heuristics,0,4856eb1714f29c07,"{""atomic_indexing"": [], ""block_sizes"": [1], ""indexing"": [""pointer"", ""pointer"", ""tensor_descriptor"", ""pointer"", ""pointer"", ""pointer""], ""load_eviction_policies"": ["""", ""first"", ""last"", """"], ""num_stages"": 4, ""num_warps"": 4, ""pid_type"": ""flat"", ""range_flattens"": [null], ""range_multi_buffers"": [null], ""range_num_stages"": [0], ""range_unroll_factors"": [0], ""range_warp_specializes"": [null], ""reduction_loops"": [null]}",ok,7.199999876320362,0.21198034286499023,1
softmax,SO_001,256x4096,train,0,heuristics,0,fc018cf22ed54212,"{""atomic_indexing"": [], ""block_sizes"": [1], ""indexing"": [""pointer"", ""pointer"", ""tensor_descriptor"", ""pointer"", ""tensor_descriptor"", ""pointer""], ""load_eviction_policies"": [""first"", """", ""last"", ""last""], ""num_stages"": 5, ""num_warps"": 4, ""pid_type"": ""flat"", ""range_flattens"": [null], ""range_multi_buffers"": [null], ""range_num_stages"": [0], ""range_unroll_factors"": [0], ""range_warp_specializes"": [null], ""reduction_loops"": [null]}",ok,7.199999876320362,0.21039700508117676,1
softmax,SO_001,256x4096,train,0,heuristics,0,c74b29bb5044d66d,"{""atomic_indexing"": [], ""block_sizes"": [1], ""indexing"": [""tensor_descriptor"", ""tensor_descriptor"", ""tensor_descriptor"", ""pointer"", ""pointer"", ""pointer""], ""load_eviction_policies"": ["""", ""first"", ""first"", ""first""], ""num_stages"": 8, ""num_warps"": 1, ""pid_type"": ""flat"", ""range_flattens"": [null], ""range_multi_buffers"": [null], ""range_num_stages"": [0], ""range_unroll_factors"": [0], ""range_warp_specializes"": [null], ""reduction_loops"": [null]}",ok,9.247999638319016,0.5151760578155518,1
softmax,SO_001,256x4096,train,0,heuristics,0,4708becdd7c177b9,"{""atomic_indexing"": [], ""block_sizes"": [1], ""indexing"": [""tensor_descriptor"", ""pointer"", ""pointer"", ""pointer"", ""tensor_descriptor"", ""pointer""], ""load_eviction_policies"": ["""", ""last"", ""first"", """"], ""num_stages"": 4, ""num_warps"": 1, ""pid_type"": ""flat"", ""range_flattens"": [null], ""range_multi_buffers"": [null], ""range_num_stages"": [0], ""range_unroll_factors"": [0], ""range_warp_specializes"": [null], ""reduction_loops"": [null]}",ok,9.247999638319016,0.5208511352539062,1
softmax,SO_001,256x4096,train,0,heuristics,0,99c5aebdeea9e7c6,"{""atomic_indexing"": [], ""block_sizes"": [1], ""indexing"": [""pointer"", ""pointer"", ""tensor_descriptor"", ""pointer"", ""pointer"", ""tensor_descriptor""], ""load_eviction_policies"": ["""", ""first"", ""last"", ""first""], ""num_stages"": 6, ""num_warps"": 1, ""pid_type"": ""flat"", ""range_flattens"": [null], ""range_multi_buffers"": [null], ""range_num_stages"": [0], ""range_unroll_factors"": [0], ""range_warp_specializes"": [null], ""reduction_loops"": [null]}",ok,9.247999638319016,0.5229818820953369,1
softmax,SO_001,256x4096,train,0,heuristics,0,5fda1aeabce14faf,"{""atomic_indexing"": [], ""block_sizes"": [1], ""indexing"": [""tensor_descriptor"", ""pointer"", ""pointer"", ""pointer"", ""pointer"", ""tensor_descriptor""], ""load_eviction_policies"": [""first"", ""first"", ""first"", """"], ""num_stages"": 5, ""num_warps"": 1, ""pid_type"": ""flat"", ""range_flattens"": [null], ""range_multi_buffers"": [null], ""range_num_stages"": [0], ""range_unroll_factors"": [0], ""range_warp_specializes"": [null], ""reduction_loops"": [null]}",ok,9.247999638319016,0.5190844535827637,1
softmax,SO_001,256x4096,train,0,heuristics,0,ecba085562a0f716,"{""atomic_indexing"": [], ""block_sizes"": [1], ""indexing"": [""pointer"", ""pointer"", ""tensor_descriptor"", ""pointer"", ""tensor_descriptor"", ""tensor_descriptor""], ""load_eviction_policies"": ["""", ""last"", ""first"", """"], ""num_stages"": 5, ""num_warps"": 4, ""pid_type"": ""flat"", ""range_flattens"": [null], ""range_multi_buffers"": [null], ""range_num_stages"": [0], ""range_unroll_factors"": [0], ""range_warp_specializes"": [null], ""reduction_loops"": [null]}",ok,7.199999876320362,0.21163630485534668,1
softmax,SO_001,256x4096,train,0,heuristics,0,73ee7ebfcd167c3e,"{""atomic_indexing"": [], ""block_sizes"": [1], ""indexing"": [""pointer"", ""pointer"", ""tensor_descriptor"", ""tensor_descriptor"", ""tensor_descriptor"", ""tensor_descriptor""], ""load_eviction_policies"": [""last"", """", """", ""first""], ""num_stages"": 1, ""num_warps"": 4, ""pid_type"": ""flat"", ""range_flattens"": [null], ""range_multi_buffers"": [null], ""range_num_stages"": [0], ""range_unroll_factors"": [0], ""range_warp_specializes"": [null], ""reduction_loops"": [null]}",ok,7.199999876320362,0.039159297943115234,1
softmax,SO_001,256x4096,train,0,heuristics,0,6fa900742bf7cad2,"{""atomic_indexing"": [], ""block_sizes"": [1], ""indexing"": [""pointer"", ""tensor_descriptor"", ""pointer"", ""pointer"", ""pointer"", ""pointer""], ""load_eviction_policies"": ["""", ""first"", """", ""last""], ""num_stages"": 2, ""num_warps"": 2, ""pid_type"": ""flat"", ""range_flattens"": [null], ""range_multi_buffers"": [null], ""range_num_stages"": [0], ""range_unroll_factors"": [0], ""range_warp_specializes"": [null], ""reduction_loops"": [null]}",ok,7.199999876320362,0.3045792579650879,1
softmax,SO_001,256x4096,train,0,heuristics,0,4c8d5c71e5731ce4,"{""atomic_indexing"": [], ""block_sizes"": [1], ""indexing"": [""pointer"", ""tensor_descriptor"", ""tensor_descriptor"", ""pointer"", ""tensor_descriptor"", ""tensor_descriptor""], ""load_eviction_policies"": [""last"", ""first"", ""last"", """"], ""num_stages"": 4, ""num_warps"": 2, ""pid_type"": ""flat"", ""range_flattens"": [null], ""range_multi_buffers"": [null], ""range_num_stages"": [0], ""range_unroll_factors"": [0], ""range_warp_specializes"": [null], ""reduction_loops"": [null]}",ok,7.199999876320362,0.028339624404907227,1
softmax,SO_001,256x4096,train,0,heuristics,0,8f9244c76278f5d3,"{""atomic_indexing"": [], ""block_sizes"": [1], ""indexing"": [""pointer"", ""pointer"", ""pointer"", ""pointer"", ""pointer"", ""pointer""], ""load_eviction_policies"": ["""", """", """", """"], ""num_stages"": 1, ""num_warps"": 4, ""pid_type"": ""flat"", ""range_flattens"": [null], ""range_multi_buffers"": [null], ""range_num_stages"": [0], ""range_unroll_factors"": [0], ""range_warp_specializes"": [null], ""reduction_loops"": [null]}",ok,7.199999876320362,0.03244781494140625,1
softmax,SO_001,256x4096,train,0,heuristics,0,94bb9f97306e02cc,"{""atomic_indexing"": [], ""block_sizes"": [1], ""indexing"": [""pointer"", ""pointer"", ""pointer"", ""pointer"", ""pointer"", ""pointer""], ""load_eviction_policies"": ["""", """", """", """"], ""num_stages"": 2, ""num_warps"": 4, ""pid_type"": ""flat"", ""range_flattens"": [null], ""range_multi_buffers"": [null], ""range_num_stages"": [0], ""range_unroll_factors"": [0], ""range_warp_specializes"": [null], ""reduction_loops"": [null]}",ok,7.199999876320362,0.07109546661376953,0
softmax,SO_001,256x4096,train,0,heuristics,0,51af00faa572663e,"{""atomic_indexing"": [], ""block_sizes"": [8], ""indexing"": [""pointer"", ""pointer"", ""pointer"", ""pointer"", ""pointer"", ""pointer""], ""load_eviction_policies"": ["""", """", """", """"], ""num_stages"": 3, ""num_warps"": 8, ""pid_type"": ""flat"", ""range_flattens"": [null], ""range_multi_buffers"": [null], ""range_num_stages"": [0], ""range_unroll_factors"": [0], ""range_warp_specializes"": [null], ""reduction_loops"": [null]}",ok,11.296000331640244,0.05165457725524902,0
softmax,SO_001,256x4096,train,0,heuristics,0,241d1edce050f701,"{""atomic_indexing"": [], ""block_sizes"": [16], ""indexing"": [""pointer"", ""pointer"", ""pointer"", ""pointer"", ""pointer"", ""pointer""], ""load_eviction_policies"": ["""", """", """", """"], ""num_sm_multiplier"": 1, ""num_stages"": 2, ""num_warps"": 16, ""pid_type"": ""persistent_blocked"", ""range_flattens"": [null], ""range_multi_buffers"": [null], ""range_num_stages"": [0], ""range_unroll_factors"": [0], ""range_warp_specializes"": [null], ""reduction_loops"": [null]}",ok,17.44000054895878,0.03580617904663086,0
softmax,SO_001,256x4096,train,0,heuristics,0,b6f982885b2d119a,"{""atomic_indexing"": [], ""block_sizes"": [4], ""indexing"": [""tensor_descriptor"", ""tensor_descriptor"", ""tensor_descriptor"", ""tensor_descriptor"", ""tensor_descriptor"", ""tensor_descriptor""], ""load_eviction_policies"": ["""", """", """", """"], ""num_stages"": 2, ""num_warps"": 8, ""pid_type"": ""flat"", ""range_flattens"": [null], ""range_multi_buffers"": [null], ""range_num_stages"": [0], ""range_unroll_factors"": [0], ""range_warp_specializes"": [null], ""reduction_loops"": [null]}",ok,9.247999638319016,0.03571319580078125,0
softmax,SO_001,256x4096,train,0,heuristics,0,0522c358f781bde5,"{""atomic_indexing"": [], ""block_sizes"": [32], ""indexing"": [""pointer"", ""pointer"", ""pointer"", ""pointer"", ""pointer"", ""pointer""], ""load_eviction_policies"": ["""", """", """", """"], ""num_sm_multiplier"": 1, ""num_stages"": 3, ""num_warps"": 16, ""pid_type"": ""persistent_interleaved"", ""range_flattens"": [null], ""range_multi_buffers"": [null], ""range_num_stages"": [0], ""range_unroll_factors"": [0], ""range_warp_specializes"": [null], ""reduction_loops"": [null]}",ok,48.16000163555145,1.3150734901428223,0
softmax,SO_001,256x4096,train,1,heuristics,0,b48181f977e3a773,"{""atomic_indexing"": [], ""block_sizes"": [16], ""indexing"": [""tensor_descriptor"", ""tensor_descriptor"", ""pointer"", ""tensor_descriptor"", ""tensor_descriptor"", ""tensor_descriptor""], ""load_eviction_policies"": [""last"", ""first"", """", ""last""], ""num_stages"": 3, ""num_warps"": 16, ""pid_type"": ""flat"", ""range_flattens"": [null], ""range_multi_buffers"": [null], ""range_num_stages"": [0], ""range_unroll_factors"": [0], ""range_warp_specializes"": [null], ""reduction_loops"": [null]}",ok,21.536000072956085,0.2846028804779053,1
softmax,SO_001,256x4096,train,1,heuristics,0,2eaa47515491baec,"{""atomic_indexing"": [], ""block_sizes"": [4], ""indexing"": [""pointer"", ""tensor_descriptor"", ""tensor_descriptor"", ""tensor_descriptor"", ""pointer"", ""tensor_descriptor""], ""load_eviction_policies"": ["""", """", """", ""last""], ""num_stages"": 7, ""num_warps"": 4, ""pid_type"": ""flat"", ""range_flattens"": [null], ""range_multi_buffers"": [null], ""range_num_stages"": [0], ""range_unroll_factors"": [0], ""range_warp_specializes"": [null], ""reduction_loops"": [null]}",ok,9.247999638319016,0.2670888900756836,1
softmax,SO_001,256x4096,train,1,heuristics,0,f5217d8ba28efb96,"{""atomic_indexing"": [], ""block_sizes"": [16], ""indexing"": [""pointer"", ""pointer"", ""pointer"", ""tensor_descriptor"", ""pointer"", ""pointer""], ""load_eviction_policies"": [""first"", """", ""last"", ""last""], ""num_stages"": 4, ""num_warps"": 16, ""pid_type"": ""flat"", ""range_flattens"": [null], ""range_multi_buffers"": [null], ""range_num_stages"": [0], ""range_unroll_factors"": [0], ""range_warp_specializes"": [null], ""reduction_loops"": [null]}",ok,17.44000054895878,0.24849796295166016,1
softmax,SO_001,256x4096,train,1,heuristics,0,2762deffa84c958d,"{""atomic_indexing"": [], ""block_sizes"": [16], ""indexing"": [""tensor_descriptor"", ""pointer"", ""pointer"", ""pointer"", ""pointer"", ""tensor_descriptor""], ""load_eviction_policies"": ["""", ""first"", ""last"", """"], ""num_stages"": 1, ""num_warps"": 16, ""pid_type"": ""flat"", ""range_flattens"": [null], ""range_multi_buffers"": [null], ""range_num_stages"": [0], ""range_unroll_factors"": [0], ""range_warp_specializes"": [null], ""reduction_loops"": [null]}",ok,17.44000054895878,0.24143671989440918,1
softmax,SO_001,256x4096,train,1,heuristics,0,9075cf58f9bd030f,"{""atomic_indexing"": [], ""block_sizes"": [2], ""indexing"": [""tensor_descriptor"", ""pointer"", ""pointer"", ""tensor_descriptor"", ""pointer"", ""pointer""], ""load_eviction_policies"": [""first"", ""first"", """", """"], ""num_stages"": 5, ""num_warps"": 4, ""pid_type"": ""flat"", ""range_flattens"": [null], ""range_multi_buffers"": [null], ""range_num_stages"": [0], ""range_unroll_factors"": [0], ""range_warp_specializes"": [null], ""reduction_loops"": [null]}",ok,7.360000163316727,0.23352527618408203,1
softmax,SO_001,256x4096,train,1,heuristics,0,737389bd6928bf84,"{""atomic_indexing"": [], ""block_sizes"": [2], ""indexing"": [""pointer"", ""tensor_descriptor"", ""pointer"", ""pointer"", ""pointer"", ""tensor_descriptor""], ""load_eviction_policies"": [""last"", """", ""first"", ""last""], ""num_stages"": 4, ""num_warps"": 4, ""pid_type"": ""flat"", ""range_flattens"": [null], ""range_multi_buffers"": [null], ""range_num_stages"": [0], ""range_unroll_factors"": [0], ""range_warp_specializes"": [null], ""reduction_loops"": [null]}",ok,7.327999919652939,0.22602319717407227,1
softmax,SO_001,256x4096,train,1,heuristics,0,37354fe485337843,"{""atomic_indexing"": [], ""block_sizes"": [2], ""indexing"": [""pointer"", ""tensor_descriptor"", ""pointer"", ""pointer"", ""pointer"", ""pointer""], ""load_eviction_policies"": [""last"", ""last"", ""first"", ""first""], ""num_stages"": 7, ""num_warps"": 4, ""pid_type"": ""flat"", ""range_flattens"": [null], ""range_multi_buffers"": [null], ""range_num_stages"": [0], ""range_unroll_factors"": [0], ""range_warp_specializes"": [null], ""reduction_loops"": [null]}",ok,7.360000163316727,0.21779942512512207,1
softmax,SO_001,256x4096,train,1,heuristics,0,5776fd0ad909b2f2,"{""atomic_indexing"": [], ""block_sizes"": [2], ""indexing"": [""tensor_descriptor"", ""tensor_descriptor"", ""tensor_descriptor"", ""pointer"", ""pointer"", ""pointer""], ""load_eviction_policies"": ["""", ""first"", """", ""last""], ""num_stages"": 4, ""num_warps"": 4, ""pid_type"": ""flat"", ""range_flattens"": [null], ""range_multi_buffers"": [null], ""range_num_stages"": [0], ""range_unroll_factors"": [0], ""range_warp_specializes"": [null], ""reduction_loops"": [null]}",ok,7.376000052317977,0.21043133735656738,1
softmax,SO_001,256x4096,train,1,heuristics,0,4fbe96db09effbd2,"{""atomic_indexing"": [], ""block_sizes"": [2], ""indexing"": [""pointer"", ""pointer"", ""tensor_descriptor"", ""tensor_descriptor"", ""pointer"", ""pointer""], ""load_eviction_policies"": ["""", ""last"", ""last"", """"], ""num_stages"": 3, ""num_warps"": 4, ""pid_type"": ""flat"", ""range_flattens"": [null], ""range_multi_buffers"": [null], ""range_num_stages"": [0], ""range_unroll_factors"": [0], ""range_warp_specializes"": [null], ""reduction_loops"": [null]}",ok,7.360000163316727,0.20269489288330078,1
softmax,SO_001,256x4096,train,1,heuristics,0,95e222b5e08b45db,"{""atomic_indexing"": [], ""block_sizes"": [1], ""indexing"": [""pointer"", ""pointer"", ""pointer"", ""pointer"", ""pointer"", ""tensor_descriptor""], ""load_eviction_policies"": ["""", ""last"", """", ""first""], ""num_stages"": 3, ""num_warps"": 4, ""pid_type"": ""flat"", ""range_flattens"": [null], ""range_multi_buffers"": [null], ""range_num_stages"": [0], ""range_unroll_factors"": [0], ""range_warp_specializes"": [null], ""reduction_loops"": [null]}",ok,7.199999876320362,0.1951589584350586,1
softmax,SO_001,256x4096,train,1,heuristics,0,e7669f72e60d9a55,"{""atomic_indexing"": [], ""block_sizes"": [1], ""indexing"": [""tensor_descriptor"", ""pointer"", ""pointer"", ""pointer"", ""tensor_descriptor"", ""pointer""], ""load_eviction_policies"": ["""", ""first"", """", ""last""], ""num_stages"": 2, ""num_warps"": 4, ""pid_type"": ""flat"", ""range_flattens"": [null], ""range_multi_buffers"": [null], ""range_num_stages"": [0], ""range_unroll_factors"": [0], ""range_warp_specializes"": [null], ""reduction_loops"": [null]}",ok,7.199999876320362,0.18672871589660645,1
softmax,SO_001,256x4096,train,1,heuristics,0,e808571f5d538fbe,"{""atomic_indexing"": [], ""block_sizes"": [1], ""indexing"": [""tensor_descriptor"", ""tensor_descriptor"", ""tensor_descriptor"", ""pointer"", ""pointer"", ""pointer""], ""load_eviction_policies"": ["""", ""last"", ""last"", """"], ""num_stages"": 3, ""num_warps"": 4, ""pid_type"": ""flat"", ""range_flattens"": [null], ""range_multi_buffers"": [null], ""range_num_stages"": [0], ""range_unroll_factors"": [0], ""range_warp_specializes"": [null], ""reduction_loops"": [null]}",ok,7.199999876320362,0.17590045928955078,1
softmax,SO_001,256x4096,train,1,heuristics,0,085bea581ac19295,"{""atomic_indexing"": [], ""block_sizes"": [1], ""indexing"": [""pointer"", ""pointer"", ""tensor_descriptor"", ""pointer"", ""pointer"", ""tensor_descriptor""], ""load_eviction_policies"": [""first"", """", """", """"], ""num_stages"": 4, ""num_warps"": 2, ""pid_type"": ""flat"", ""range_flattens"": [null], ""range_multi_buffers"": [null], ""range_num_stages"": [0], ""range_unroll_factors"": [0], ""range_warp_specializes"": [null], ""reduction_loops"": [null]}",ok,9.247999638319016,0.15961313247680664,1
softmax,SO_001,256x4096,train,1,heuristics,0,1267f42f328081fb,"{""atomic_indexing"": [], ""block_sizes"": [1], ""indexing"": [""pointer"", ""tensor_descriptor"", ""pointer"", ""pointer"", ""tensor_descriptor"", ""pointer""], ""load_eviction_policies"": [""last"", ""last"", """", ""last""], ""num_stages"": 1, ""num_warps"": 2, ""pid_type"": ""flat"", ""range_flattens"": [null], ""range_multi_buffers"": [null], ""range_num_stages"": [0], ""range_unroll_factors"": [0], ""range_warp_specializes"": [null], ""reduction_loops"": [null]}",ok,9.247999638319016,0.15170574188232422,1
softmax,SO_001,256x4096,train,1,heuristics,0,08179a1f017a849e,"{""atomic_indexing"": [], ""block_sizes"": [1], ""indexing"": [""pointer"", ""tensor_descriptor"", ""pointer"", ""tensor_descriptor"", ""pointer"", ""pointer""], ""load_eviction_policies"": ["""", ""first"", """", """"], ""num_stages"": 1, ""num_warps"": 2, ""pid_type"": ""flat"", ""range_flattens"": [null], ""range_multi_buffers"": [null], ""range_num_stages"": [0], ""range_unroll_factors"": [0], ""range_warp_specializes"": [null], ""reduction_loops"": [null]}",ok,9.247999638319016,0.1331958770751953,1
softmax,SO_001,256x4096,train,1,heuristics,0,4db99bd1b1fd307f,"{""atomic_indexing"": [], ""block_sizes"": [1], ""indexing"": [""tensor_descriptor"", ""pointer"", ""pointer"", ""pointer"", ""tensor_descriptor"", ""pointer""], ""load_eviction_policies"": [""first"", """", ""last"", ""last""], ""num_stages"": 1, ""num_warps"": 4, ""pid_type"": ""flat"", ""range_flattens"": [null], ""range_multi_buffers"": [null], ""range_num_stages"": [0], ""range_unroll_factors"": [0], ""range_warp_specializes"": [null], ""reduction_loops"": [null]}",ok,7.199999876320362,0.12477278709411621,1
softmax,SO_001,256x4096,train,1,heuristics,0,e9936258141334eb,"{""atomic_indexing"": [], ""block_sizes"": [1], ""indexing"": [""tensor_descriptor"", ""pointer"", ""pointer"", ""pointer"", ""pointer"", ""tensor_descriptor""], ""load_eviction_policies"": [""first"", ""first"", ""last"", ""last""], ""num_stages"": 4, ""num_warps"": 2, ""pid_type"": ""flat"", ""range_flattens"": [null], ""range_multi_buffers"": [null], ""range_num_stages"": [0], ""range_unroll_factors"": [0], ""range_warp_specializes"": [null], ""reduction_loops"": [null]}",ok,9.247999638319016,0.11726856231689453,1
softmax,SO_001,256x4096,train,1,heuristics,0,434f8e224d142a8b,"{""atomic_indexing"": [], ""block_sizes"": [1], ""indexing"": [""tensor_descriptor"", ""tensor_descriptor"", ""tensor_descriptor"", ""tensor_descriptor"", ""tensor_descriptor"", ""pointer""], ""load_eviction_policies"": ["""", ""first"", """", """"], ""num_stages"": 3, ""num_warps"": 4, ""pid_type"": ""flat"", ""range_flattens"": [null], ""range_multi_buffers"": [null], ""range_num_stages"": [0], ""range_unroll_factors"": [0], ""range_warp_specializes"": [null], ""reduction_loops"": [null]}",ok,7.199999876320362,0.1100163459777832,1
softmax,SO_001,256x4096,train,1,heuristics,0,68752d78a5f2f718,"{""atomic_indexing"": [], ""block_sizes"": [1], ""indexing"": [""pointer"", ""tensor_descriptor"", ""tensor_descriptor"", ""tensor_descriptor"", ""pointer"", ""tensor_descriptor""], ""load_eviction_policies"": ["""", """", ""last"", """"], ""num_stages"": 5, ""num_warps"": 4, ""pid_type"": ""flat"", ""range_flattens"": [null], ""range_multi_buffers"": [null], ""range_num_stages"": [0], ""range_unroll_factors"": [0], ""range_warp_specializes"": [null], ""reduction_loops"": [null]}",ok,7.23200011998415,0.1020970344543457,1
softmax,SO_001,256x4096,train,1,heuristics,0,4856eb1714f29c07,"{""atomic_indexing"": [], ""block_sizes"": [1], ""indexing"": [""pointer"", ""pointer"", ""tensor_descriptor"", ""pointer"", ""pointer"", ""pointer""], ""load_eviction_policies"": ["""", ""first"", ""last"", """"], ""num_stages"": 4, ""num_warps"": 4, ""pid_type"": ""flat"", ""range_flattens"": [null], ""range_multi_buffers"": [null], ""range_num_stages"": [0], ""range_unroll_factors"": [0], ""range_warp_specializes"": [null], ""reduction_loops"": [null]}",ok,7.199999876320362,0.09515023231506348,1
softmax,SO_001,256x4096,train,1,heuristics,0,fc018cf22ed54212,"{""atomic_indexing"": [], ""block_sizes"": [1], ""indexing"": [""pointer"", ""pointer"", ""tensor_descriptor"", ""pointer"", ""tensor_descriptor"", ""pointer""], ""load_eviction_policies"": [""first"", """", ""last"", ""last""], ""num_stages"": 5, ""num_warps"": 4, ""pid_type"": ""flat"", ""range_flattens"": [null], ""range_multi_buffers"": [null], ""range_num_stages"": [0], ""range_unroll_factors"": [0], ""range_warp_specializes"": [null], ""reduction_loops"": [null]}",ok,7.199999876320362,0.0874168872833252,1
softmax,SO_001,256x4096,train,1,heuristics,0,c74b29bb5044d66d,"{""atomic_indexing"": [], ""block_sizes"": [1], ""indexing"": [""tensor_descriptor"", ""tensor_descriptor"", ""tensor_descriptor"", ""pointer"", ""pointer"", ""pointer""], ""load_eviction_policies"": ["""", ""first"", ""first"", ""first""], ""num_stages"": 8, ""num_warps"": 1, ""pid_type"": ""flat"", ""range_flattens"": [null], ""range_multi_buffers"": [null], ""range_num_stages"": [0], ""range_unroll_factors"": [0], ""range_warp_specializes"": [null], ""reduction_loops"": [null]}",ok,9.247999638319016,0.0794229507446289,1
softmax,SO_001,256x4096,train,1,heuristics,0,4708becdd7c177b9,"{""atomic_indexing"": [], ""block_sizes"": [1], ""indexing"": [""tensor_descriptor"", ""pointer"", ""pointer"", ""pointer"", ""tensor_descriptor"", ""pointer""], ""load_eviction_policies"": ["""", ""last"", ""first"", """"], ""num_stages"": 4, ""num_warps"": 1, ""pid_type"": ""flat"", ""range_flattens"": [null], ""range_multi_buffers"": [null], ""range_num_stages"": [0], ""range_unroll_factors"": [0], ""range_warp_specializes"": [null], ""reduction_loops"": [null]}",ok,9.247999638319016,0.07240891456604004,1
softmax,SO_001,256x4096,train,1,heuristics,0,99c5aebdeea9e7c6,"{""atomic_indexing"": [], ""block_sizes"": [1], ""indexing"": [""pointer"", ""pointer"", ""tensor_descriptor"", ""pointer"", ""pointer"", ""tensor_descriptor""], ""load_eviction_policies"": ["""", ""first"", ""last"", ""first""], ""num_stages"": 6, ""num_warps"": 1, ""pid_type"": ""flat"", ""range_flattens"": [null], ""range_multi_buffers"": [null], ""range_num_stages"": [0], ""range_unroll_factors"": [0], ""range_warp_specializes"": [null], ""reduction_loops"": [null]}",ok,9.247999638319016,0.06482458114624023,1
softmax,SO_001,256x4096,train,1,heuristics,0,5fda1aeabce14faf,"{""atomic_indexing"": [], ""block_sizes"": [1], ""indexing"": [""tensor_descriptor"", ""pointer"", ""pointer"", ""pointer"", ""pointer"", ""tensor_descriptor""], ""load_eviction_policies"": [""first"", ""first"", ""first"", """"], ""num_stages"": 5, ""num_warps"": 1, ""pid_type"": ""flat"", ""range_flattens"": [null], ""range_multi_buffers"": [null], ""range_num_stages"": [0], ""range_unroll_factors"": [0], ""range_warp_specializes"": [null], ""reduction_loops"": [null]}",ok,9.247999638319016,0.05744767189025879,1
softmax,SO_001,256x4096,train,1,heuristics,0,ecba085562a0f716,"{""atomic_indexing"": [], ""block_sizes"": [1], ""indexing"": [""pointer"", ""pointer"", ""tensor_descriptor"", ""pointer"", ""tensor_descriptor"", ""tensor_descriptor""], ""load_eviction_policies"": ["""", ""last"", ""first"", """"], ""num_stages"": 5, ""num_warps"": 4, ""pid_type"": ""flat"", ""range_flattens"": [null], ""range_multi_buffers"": [null], ""range_num_stages"": [0], ""range_unroll_factors"": [0], ""range_warp_specializes"": [null], ""reduction_loops"": [null]}",ok,7.199999876320362,0.037648677825927734,1
softmax,SO_001,256x4096,train,1,heuristics,0,73ee7ebfcd167c3e,"{""atomic_indexing"": [], ""block_sizes"": [1], ""indexing"": [""pointer"", ""pointer"", ""tensor_descriptor"", ""tensor_descriptor"", ""tensor_descriptor"", ""tensor_descriptor""], ""load_eviction_policies"": [""last"", """", """", ""first""], ""num_stages"": 1, ""num_warps"": 4, ""pid_type"": ""flat"", ""range_flattens"": [null], ""range_multi_buffers"": [null], ""range_num_stages"": [0], ""range_unroll_factors"": [0], ""range_warp_specializes"": [null], ""reduction_loops"": [null]}",ok,7.199999876320362,0.02993011474609375,1
softmax,SO_001,256x4096,train,1,heuristics,0,6fa900742bf7cad2,"{""atomic_indexing"": [], ""block_sizes"": [1], ""indexing"": [""pointer"", ""tensor_descriptor"", ""pointer"", ""pointer"", ""pointer"", ""pointer""], ""load_eviction_policies"": ["""", ""first"", """", ""last""], ""num_stages"": 2, ""num_warps"": 2, ""pid_type"": ""flat"", ""range_flattens"": [null], ""range_multi_buffers"": [null], ""range_num_stages"": [0], ""range_unroll_factors"": [0], ""range_warp_specializes"": [null], ""reduction_loops"": [null]}",ok,7.199999876320362,0.023001670837402344,1
softmax,SO_001,256x4096,train,1,heuristics,0,4c8d5c71e5731ce4,"{""atomic_indexing"": [], ""block_sizes"": [1], ""indexing"": [""pointer"", ""tensor_descriptor"", ""tensor_descriptor"", ""pointer"", ""tensor_descriptor"", ""tensor_descriptor""], ""load_eviction_policies"": [""last"", ""first"", ""last"", """"], ""num_stages"": 4, ""num_warps"": 2, ""pid_type"": ""flat"", ""range_flattens"": [null], ""range_multi_buffers"": [null], ""range_num_stages"": [0], ""range_unroll_factors"": [0], ""range_warp_specializes"": [null], ""reduction_loops"": [null]}",ok,7.199999876320362,0.022431135177612305,1
softmax,SO_001,256x4096,train,1,heuristics,0,8f9244c76278f5d3,"{""atomic_indexing"": [], ""block_sizes"": [1], ""indexing"": [""pointer"", ""pointer"", ""pointer"", ""pointer"", ""pointer"", ""pointer""], ""load_eviction_policies"": ["""", """", """", """"], ""num_stages"": 1, ""num_warps"": 4, ""pid_type"": ""flat"", ""range_flattens"": [null], ""range_multi_buffers"": [null], ""range_num_stages"": [0], ""range_unroll_factors"": [0], ""range_warp_specializes"": [null], ""reduction_loops"": [null]}",ok,7.199999876320362,0.0211484432220459,1
softmax,SO_001,256x4096,train,1,heuristics,0,24722f67bd32b2e3,"{""atomic_indexing"": [], ""block_sizes"": [1], ""indexing"": [""pointer"", ""pointer"", ""pointer"", ""pointer"", ""pointer"", ""pointer""], ""load_eviction_policies"": ["""", """", """", """"], ""num_stages"": 2, ""num_warps"": 8, ""pid_type"": ""flat"", ""range_flattens"": [null], ""range_multi_buffers"": [null], ""range_num_stages"": [0], ""range_unroll_factors"": [0], ""range_warp_specializes"": [null], ""reduction_loops"": [null]}",ok,7.199999876320362,0.03664827346801758,0
softmax,SO_001,256x4096,train,1,heuristics,0,8a28c44bf6c234fc,"{""atomic_indexing"": [], ""block_sizes"": [4], ""indexing"": [""pointer"", ""pointer"", ""pointer"", ""pointer"", ""pointer"", ""pointer""], ""load_eviction_policies"": ["""", """", """", """"], ""num_stages"": 2, ""num_warps"": 8, ""pid_type"": ""flat"", ""range_flattens"": [null], ""range_multi_buffers"": [null], ""range_num_stages"": [0], ""range_unroll_factors"": [0], ""range_warp_specializes"": [null], ""reduction_loops"": [null]}",ok,9.247999638319016,0.02954697608947754,0
softmax,SO_001,256x4096,train,1,heuristics,0,c7596c6029987e1e,"{""atomic_indexing"": [], ""block_sizes"": [8], ""indexing"": [""pointer"", ""pointer"", ""pointer"", ""pointer"", ""pointer"", ""pointer""], ""load_eviction_policies"": ["""", """", """", """"], ""num_stages"": 3, ""num_warps"": 16, ""pid_type"": ""flat"", ""range_flattens"": [null], ""range_multi_buffers"": [null], ""range_num_stages"": [0], ""range_unroll_factors"": [0], ""range_warp_specializes"": [null], ""reduction_loops"": [null]}",ok,11.296000331640244,0.3037688732147217,0
softmax,SO_001,256x4096,train,1,heuristics,0,4ef57e5361d786f5,"{""atomic_indexing"": [], ""block_sizes"": [2], ""indexing"": [""pointer"", ""pointer"", ""pointer"", ""pointer"", ""pointer"", ""pointer""], ""load_eviction_policies"": ["""", """", """", """"], ""num_sm_multiplier"": 1, ""num_stages"": 2, ""num_warps"": 8, ""pid_type"": ""persistent_blocked"", ""range_flattens"": [null], ""range_multi_buffers"": [null], ""range_num_stages"": [0], ""range_unroll_factors"": [0], ""range_warp_specializes"": [null], ""reduction_loops"": [null]}",ok,7.23200011998415,0.2301630973815918,0
softmax,SO_001,256x4096,train,1,heuristics,0,84c29473c653d444,"{""atomic_indexing"": [], ""block_sizes"": [16], ""indexing"": [""tensor_descriptor"", ""tensor_descriptor"", ""tensor_descriptor"", ""tensor_descriptor"", ""tensor_descriptor"", ""tensor_descriptor""], ""load_eviction_policies"": ["""", """", """", """"], ""num_stages"": 2, ""num_warps"": 16, ""pid_type"": ""flat"", ""range_flattens"": [null], ""range_multi_buffers"": [null], ""range_num_stages"": [0], ""range_unroll_factors"": [0], ""range_warp_specializes"": [null], ""reduction_loops"": [null]}",ok,21.536000072956085,0.6093273162841797,0
softmax,SO_001,256x4096,train,2,heuristics,0,b48181f977e3a773,"{""atomic_indexing"": [], ""block_sizes"": [16], ""indexing"": [""tensor_descriptor"", ""tensor_descriptor"", ""pointer"", ""tensor_descriptor"", ""tensor_descriptor"", ""tensor_descriptor""], ""load_eviction_policies"": [""last"", ""first"", """", ""last""], ""num_stages"": 3, ""num_warps"": 16, ""pid_type"": ""flat"", ""range_flattens"": [null], ""range_multi_buffers"": [null], ""range_num_stages"": [0], ""range_unroll_factors"": [0], ""range_warp_specializes"": [null], ""reduction_loops"": [null]}",ok,21.536000072956085,0.294543981552124,1
softmax,SO_001,256x4096,train,2,heuristics,0,2eaa47515491baec,"{""atomic_indexing"": [], ""block_sizes"": [4], ""indexing"": [""pointer"", ""tensor_descriptor"", ""tensor_descriptor"", ""tensor_descriptor"", ""pointer"", ""tensor_descriptor""], ""load_eviction_policies"": ["""", """", """", ""last""], ""num_stages"": 7, ""num_warps"": 4, ""pid_type"": ""flat"", ""range_flattens"": [null], ""range_multi_buffers"": [null], ""range_num_stages"": [0], ""range_unroll_factors"": [0], ""range_warp_specializes"": [null], ""reduction_loops"": [null]}",ok,9.247999638319016,0.27847981452941895,1
softmax,SO_001,256x4096,train,2,heuristics,0,f5217d8ba28efb96,"{""atomic_indexing"": [], ""block_sizes"": [16], ""indexing"": [""pointer"", ""pointer"", ""pointer"", ""tensor_descriptor"", ""pointer"", ""pointer""], ""load_eviction_policies"": [""first"", """", ""last"", ""last""], ""num_stages"": 4, ""num_warps"": 16, ""pid_type"": ""flat"", ""range_flattens"": [null], ""range_multi_buffers"": [null], ""range_num_stages"": [0], ""range_unroll_factors"": [0], ""range_warp_specializes"": [null], ""reduction_loops"": [null]}",ok,17.44000054895878,0.26212215423583984,1
softmax,SO_001,256x4096,train,2,heuristics,0,2762deffa84c958d,"{""atomic_indexing"": [], ""block_sizes"": [16], ""indexing"": [""tensor_descriptor"", ""pointer"", ""pointer"", ""pointer"", ""pointer"", ""tensor_descriptor""], ""load_eviction_policies"": ["""", ""first"", ""last"", """"], ""num_stages"": 1, ""num_warps"": 16, ""pid_type"": ""flat"", ""range_flattens"": [null], ""range_multi_buffers"": [null], ""range_num_stages"": [0], ""range_unroll_factors"": [0], ""range_warp_specializes"": [null], ""reduction_loops"": [null]}",ok,17.44000054895878,0.25519704818725586,1
softmax,SO_001,256x4096,train,2,heuristics,0,9075cf58f9bd030f,"{""atomic_indexing"": [], ""block_sizes"": [2], ""indexing"": [""tensor_descriptor"", ""pointer"", ""pointer"", ""tensor_descriptor"", ""pointer"", ""pointer""], ""load_eviction_policies"": [""first"", ""first"", """", """"], ""num_stages"": 5, ""num_warps"": 4, ""pid_type"": ""flat"", ""range_flattens"": [null], ""range_multi_buffers"": [null], ""range_num_stages"": [0], ""range_unroll_factors"": [0], ""range_warp_specializes"": [null], ""reduction_loops"": [null]}",ok,7.327999919652939,0.24790239334106445,1
softmax,SO_001,256x4096,train,2,heuristics,0,737389bd6928bf84,"{""atomic_indexing"": [], ""block_sizes"": [2], ""indexing"": [""pointer"", ""tensor_descriptor"", ""pointer"", ""pointer"", ""pointer"", ""tensor_descriptor""], ""load_eviction_policies"": [""last"", """", ""first"", ""last""], ""num_stages"": 4, ""num_warps"": 4, ""pid_type"": ""flat"", ""range_flattens"": [null], ""range_multi_buffers"": [null], ""range_num_stages"": [0], ""range_unroll_factors"": [0], ""range_warp_specializes"": [null], ""reduction_loops"": [null]}",ok,7.296000141650438,0.24006152153015137,1
softmax,SO_001,256x4096,train,2,heuristics,0,37354fe485337843,"{""atomic_indexing"": [], ""block_sizes"": [2], ""indexing"": [""pointer"", ""tensor_descriptor"", ""pointer"", ""pointer"", ""pointer"", ""pointer""], ""load_eviction_policies"": [""last"", ""last"", ""first"", ""first""], ""num_stages"": 7, ""num_warps"": 4, ""pid_type"": ""flat"", ""range_flattens"": [null], ""range_multi_buffers"": [null], ""range_num_stages"": [0], ""range_unroll_factors"": [0], ""range_warp_specializes"": [null], ""reduction_loops"": [null]}",ok,7.327999919652939,0.2307889461517334,1
softmax,SO_001,256x4096,train,2,heuristics,0,5776fd0ad909b2f2,"{""atomic_indexing"": [], ""block_sizes"": [2], ""indexing"": [""tensor_descriptor"", ""tensor_descriptor"", ""tensor_descriptor"", ""pointer"", ""pointer"", ""pointer""], ""load_eviction_policies"": ["""", ""first"", """", ""last""], ""num_stages"": 4, ""num_warps"": 4, ""pid_type"": ""flat"", ""range_flattens"": [null], ""range_multi_buffers"": [null], ""range_num_stages"": [0], ""range_unroll_factors"": [0], ""range_warp_specializes"": [null], ""reduction_loops"": [null]}",ok,7.327999919652939,0.22326254844665527,1
softmax,SO_001,256x4096,train,2,heuristics,0,4fbe96db09effbd2,"{""atomic_indexing"": [], ""block_sizes"": [2], ""indexing"": [""pointer"", ""pointer"", ""tensor_descriptor"", ""tensor_descriptor"", ""pointer"", ""pointer""], ""load_eviction_policies"": ["""", ""last"", ""last"", """"], ""num_stages"": 3, ""num_warps"": 4, ""pid_type"": ""flat"", ""range_flattens"": [null], ""range_multi_buffers"": [null], ""range_num_stages"": [0], ""range_unroll_factors"": [0], ""range_warp_specializes"": [null], ""reduction_loops"": [null]}",ok,7.327999919652939,0.20488333702087402,1
softmax,SO_001,256x4096,train,2,heuristics,0,95e222b5e08b45db,"{""atomic_indexing"": [], ""block_sizes"": [1], ""indexing"": [""pointer"", ""pointer"", ""pointer"", ""pointer"", ""pointer"", ""tensor_descriptor""], ""load_eviction_policies"": ["""", ""last"", """", ""first""], ""num_stages"": 3, ""num_warps"": 4, ""pid_type"": ""flat"", ""range_flattens"": [null], ""range_multi_buffers"": [null], ""range_num_stages"": [0], ""range_unroll_factors"": [0], ""range_warp_specializes"": [null], ""reduction_loops"": [null]}",ok,7.199999876320362,0.19484591484069824,1
softmax,SO_001,256x4096,train,2,heuristics,0,e7669f72e60d9a55,"{""atomic_indexing"": [], ""block_sizes"": [1], ""indexing"": [""tensor_descriptor"", ""pointer"", ""pointer"", ""pointer"", ""tensor_descriptor"", ""pointer""], ""load_eviction_policies"": ["""", ""first"", """", ""last""], ""num_stages"": 2, ""num_warps"": 4, ""pid_type"": ""flat"", ""range_flattens"": [null], ""range_multi_buffers"": [null], ""range_num_stages"": [0], ""range_unroll_factors"": [0], ""range_warp_specializes"": [null], ""reduction_loops"": [null]}",ok,7.199999876320362,0.1841144561767578,1
softmax,SO_001,256x4096,train,2,heuristics,0,e808571f5d538fbe,"{""atomic_indexing"": [], ""block_sizes"": [1], ""indexing"": [""tensor_descriptor"", ""tensor_descriptor"", ""tensor_descriptor"", ""pointer"", ""pointer"", ""pointer""], ""load_eviction_policies"": ["""", ""last"", ""last"", """"], ""num_stages"": 3, ""num_warps"": 4, ""pid_type"": ""flat"", ""range_flattens"": [null], ""range_multi_buffers"": [null], ""range_num_stages"": [0], ""range_unroll_factors"": [0], ""range_warp_specializes"": [null], ""reduction_loops"": [null]}",ok,7.199999876320362,0.17600536346435547,1
softmax,SO_001,256x4096,train,2,heuristics,0,085bea581ac19295,"{""atomic_indexing"": [], ""block_sizes"": [1], ""indexing"": [""pointer"", ""pointer"", ""tensor_descriptor"", ""pointer"", ""pointer"", ""tensor_descriptor""], ""load_eviction_policies"": [""first"", """", """", """"], ""num_stages"": 4, ""num_warps"": 2, ""pid_type"": ""flat"", ""range_flattens"": [null], ""range_multi_buffers"": [null], ""range_num_stages"": [0], ""range_unroll_factors"": [0], ""range_warp_specializes"": [null], ""reduction_loops"": [null]}",ok,7.23200011998415,0.1576247215270996,1
softmax,SO_001,256x4096,train,2,heuristics,0,1267f42f328081fb,"{""atomic_indexing"": [], ""block_sizes"": [1], ""indexing"": [""pointer"", ""tensor_descriptor"", ""pointer"", ""pointer"", ""tensor_descriptor"", ""pointer""], ""load_eviction_policies"": [""last"", ""last"", """", ""last""], ""num_stages"": 1, ""num_warps"": 2, ""pid_type"": ""flat"", ""range_flattens"": [null], ""range_multi_buffers"": [null], ""range_num_stages"": [0], ""range_unroll_factors"": [0], ""range_warp_specializes"": [null], ""reduction_loops"": [null]}",ok,9.247999638319016,0.1390540599822998,1
softmax,SO_001,256x4096,train,2,heuristics,0,08179a1f017a849e,"{""atomic_indexing"": [], ""block_sizes"": [1], ""indexing"": [""pointer"", ""tensor_descriptor"", ""pointer"", ""tensor_descriptor"", ""pointer"", ""pointer""], ""load_eviction_policies"": ["""", ""first"", """", """"], ""num_stages"": 1, ""num_warps"": 2, ""pid_type"": ""flat"", ""range_flattens"": [null], ""range_multi_buffers"": [null], ""range_num_stages"": [0], ""range_unroll_factors"": [0], ""range_warp_specializes"": [null], ""reduction_loops"": [null]}",ok,9.247999638319016,0.1303696632385254,1
softmax,SO_001,256x4096,train,2,heuristics,0,4db99bd1b1fd307f,"{""atomic_indexing"": [], ""block_sizes"": [1], ""indexing"": [""tensor_descriptor"", ""pointer"", ""pointer"", ""pointer"", ""tensor_descriptor"", ""pointer""], ""load_eviction_policies"": [""first"", """", ""last"", ""last""], ""num_stages"": 1, ""num_warps"": 4, ""pid_type"": ""flat"", ""range_flattens"": [null], ""range_multi_buffers"": [null], ""range_num_stages"": [0], ""range_unroll_factors"": [0], ""range_warp_specializes"": [null], ""reduction_loops"": [null]}",ok,7.199999876320362,0.12267565727233887,1
softmax,SO_001,256x4096,train,2,heuristics,0,e9936258141334eb,"{""atomic_indexing"": [], ""block_sizes"": [1], ""indexing"": [""tensor_descriptor"", ""pointer"", ""pointer"", ""pointer"", ""pointer"", ""tensor_descriptor""], ""load_eviction_policies"": [""first"", ""first"", ""last"", ""last""], ""num_stages"": 4, ""num_warps"": 2, ""pid_type"": ""flat"", ""range_flattens"": [null], ""range_multi_buffers"": [null], ""range_num_stages"": [0], ""range_unroll_factors"": [0], ""range_warp_specializes"": [null], ""reduction_loops"": [null]}",ok,9.247999638319016,0.11538267135620117,1
softmax,SO_001,256x4096,train,2,heuristics,0,434f8e224d142a8b,"{""atomic_indexing"": [], ""block_sizes"": [1], ""indexing"": [""tensor_descriptor"", ""tensor_descriptor"", ""tensor_descriptor"", ""tensor_descriptor"", ""tensor_descriptor"", ""pointer""], ""load_eviction_policies"": ["""", ""first"", """", """"], ""num_stages"": 3, ""num_warps"": 4, ""pid_type"": ""flat"", ""range_flattens"": [null], ""range_multi_buffers"": [null], ""range_num_stages"": [0], ""range_unroll_factors"": [0], ""range_warp_specializes"": [null], ""reduction_loops"": [null]}",ok,7.199999876320362,0.10778689384460449,1
softmax,SO_001,256x4096,train,2,heuristics,0,68752d78a5f2f718,"{""atomic_indexing"": [], ""block_sizes"": [1], ""indexing"": [""pointer"", ""tensor_descriptor"", ""tensor_descriptor"", ""tensor_descriptor"", ""pointer"", ""tensor_descriptor""], ""load_eviction_policies"": ["""", """", ""last"", """"], ""num_stages"": 5, ""num_warps"": 4, ""pid_type"": ""flat"", ""range_flattens"": [null], ""range_multi_buffers"": [null], ""range_num_stages"": [0], ""range_unroll_factors"": [0], ""range_warp_specializes"": [null], ""reduction_loops"": [null]}",ok,7.199999876320362,0.1008601188659668,1
softmax,SO_001,256x4096,train,2,heuristics,0,4856eb1714f29c07,"{""atomic_indexing"": [], ""block_sizes"": [1], ""indexing"": [""pointer"", ""pointer"", ""tensor_descriptor"", ""pointer"", ""pointer"", ""pointer""], ""load_eviction_policies"": ["""", ""first"", ""last"", """"], ""num_stages"": 4, ""num_warps"": 4, ""pid_type"": ""flat"", ""range_flattens"": [null], ""range_multi_buffers"": [null], ""range_num_stages"": [0], ""range_unroll_factors"": [0], ""range_warp_specializes"": [null], ""reduction_loops"": [null]}",ok,7.199999876320362,0.09304571151733398,1
softmax,SO_001,256x4096,train,2,heuristics,0,fc018cf22ed54212,"{""atomic_indexing"": [], ""block_sizes"": [1], ""indexing"": [""pointer"", ""pointer"", ""tensor_descriptor"", ""pointer"", ""tensor_descriptor"", ""pointer""], ""load_eviction_policies"": [""first"", """", ""last"", ""last""], ""num_stages"": 5, ""num_warps"": 4, ""pid_type"": ""flat"", ""range_flattens"": [null], ""range_multi_buffers"": [null], ""range_num_stages"": [0], ""range_unroll_factors"": [0], ""range_warp_specializes"": [null], ""reduction_loops"": [null]}",ok,7.199999876320362,0.08604168891906738,1
softmax,SO_001,256x4096,train,2,heuristics,0,c74b29bb5044d66d,"{""atomic_indexing"": [], ""block_sizes"": [1], ""indexing"": [""tensor_descriptor"", ""tensor_descriptor"", ""tensor_descriptor"", ""pointer"", ""pointer"", ""pointer""], ""load_eviction_policies"": ["""", ""first"", ""first"", ""first""], ""num_stages"": 8, ""num_warps"": 1, ""pid_type"": ""flat"", ""range_flattens"": [null], ""range_multi_buffers"": [null], ""range_num_stages"": [0], ""range_unroll_factors"": [0], ""range_warp_specializes"": [null], ""reduction_loops"": [null]}",ok,9.247999638319016,0.07931184768676758,1
softmax,SO_001,256x4096,train,2,heuristics,0,4708becdd7c177b9,"{""atomic_indexing"": [], ""block_sizes"": [1], ""indexing"": [""tensor_descriptor"", ""pointer"", ""pointer"", ""pointer"", ""tensor_descriptor"", ""pointer""], ""load_eviction_policies"": ["""", ""last"", ""first"", """"], ""num_stages"": 4, ""num_warps"": 1, ""pid_type"": ""flat"", ""range_flattens"": [null], ""range_multi_buffers"": [null], ""range_num_stages"": [0], ""range_unroll_factors"": [0], ""range_warp_specializes"": [null], ""reduction_loops"": [null]}",ok,9.247999638319016,0.07144737243652344,1
softmax,SO_001,256x4096,train,2,heuristics,0,99c5aebdeea9e7c6,"{""atomic_indexing"": [], ""block_sizes"": [1], ""indexing"": [""pointer"", ""pointer"", ""tensor_descriptor"", ""pointer"", ""pointer"", ""tensor_descriptor""], ""load_eviction_policies"": ["""", ""first"", ""last"", ""first""], ""num_stages"": 6, ""num_warps"": 1, ""pid_type"": ""flat"", ""range_flattens"": [null], ""range_multi_buffers"": [null], ""range_num_stages"": [0], ""range_unroll_factors"": [0], ""range_warp_specializes"": [null], ""reduction_loops"": [null]}",ok,9.247999638319016,0.0626058578491211,1
softmax,SO_001,256x4096,train,2,heuristics,0,5fda1aeabce14faf,"{""atomic_indexing"": [], ""block_sizes"": [1], ""indexing"": [""tensor_descriptor"", ""pointer"", ""pointer"", ""pointer"", ""pointer"", ""tensor_descriptor""], ""load_eviction_policies"": [""first"", ""first"", ""first"", """"], ""num_stages"": 5, ""num_warps"": 1, ""pid_type"": ""flat"", ""range_flattens"": [null], ""range_multi_buffers"": [null], ""range_num_stages"": [0], ""range_unroll_factors"": [0], ""range_warp_specializes"": [null], ""reduction_loops"": [null]}",ok,9.247999638319016,0.04499673843383789,1
softmax,SO_001,256x4096,train,2,heuristics,0,ecba085562a0f716,"{""atomic_indexing"": [], ""block_sizes"": [1], ""indexing"": [""pointer"", ""pointer"", ""tensor_descriptor"", ""pointer"", ""tensor_descriptor"", ""tensor_descriptor""], ""load_eviction_policies"": ["""", ""last"", ""first"", """"], ""num_stages"": 5, ""num_warps"": 4, ""pid_type"": ""flat"", ""range_flattens"": [null], ""range_multi_buffers"": [null], ""range_num_stages"": [0], ""range_unroll_factors"": [0], ""range_warp_specializes"": [null], ""reduction_loops"": [null]}",ok,7.199999876320362,0.037511587142944336,1
softmax,SO_001,256x4096,train,2,heuristics,0,73ee7ebfcd167c3e,"{""atomic_indexing"": [], ""block_sizes"": [1], ""indexing"": [""pointer"", ""pointer"", ""tensor_descriptor"", ""tensor_descriptor"", ""tensor_descriptor"", ""tensor_descriptor""], ""load_eviction_policies"": [""last"", """", """", ""first""], ""num_stages"": 1, ""num_warps"": 4, ""pid_type"": ""flat"", ""range_flattens"": [null], ""range_multi_buffers"": [null], ""range_num_stages"": [0], ""range_unroll_factors"": [0], ""range_warp_specializes"": [null], ""reduction_loops"": [null]}",ok,7.199999876320362,0.030346393585205078,1
softmax,SO_001,256x4096,train,2,heuristics,0,6fa900742bf7cad2,"{""atomic_indexing"": [], ""block_sizes"": [1], ""indexing"": [""pointer"", ""tensor_descriptor"", ""pointer"", ""pointer"", ""pointer"", ""pointer""], ""load_eviction_policies"": ["""", ""first"", """", ""last""], ""num_stages"": 2, ""num_warps"": 2, ""pid_type"": ""flat"", ""range_flattens"": [null], ""range_multi_buffers"": [null], ""range_num_stages"": [0], ""range_unroll_factors"": [0], ""range_warp_specializes"": [null], ""reduction_loops"": [null]}",ok,7.199999876320362,0.023030996322631836,1
softmax,SO_001,256x4096,train,2,heuristics,0,4c8d5c71e5731ce4,"{""atomic_indexing"": [], ""block_sizes"": [1], ""indexing"": [""pointer"", ""tensor_descriptor"", ""tensor_descriptor"", ""pointer"", ""tensor_descriptor"", ""tensor_descriptor""], ""load_eviction_policies"": [""last"", ""first"", ""last"", """"], ""num_stages"": 4, ""num_warps"": 2, ""pid_type"": ""flat"", ""range_flattens"": [null], ""range_multi_buffers"": [null], ""range_num_stages"": [0], ""range_unroll_factors"": [0], ""range_warp_specializes"": [null], ""reduction_loops"": [null]}",ok,7.199999876320362,0.021698951721191406,1
softmax,SO_001,256x4096,train,2,heuristics,0,8f9244c76278f5d3,"{""atomic_indexing"": [], ""block_sizes"": [1], ""indexing"": [""pointer"", ""pointer"", ""pointer"", ""pointer"", ""pointer"", ""pointer""], ""load_eviction_policies"": ["""", """", """", """"], ""num_stages"": 1, ""num_warps"": 4, ""pid_type"": ""flat"", ""range_flattens"": [null], ""range_multi_buffers"": [null], ""range_num_stages"": [0], ""range_unroll_factors"": [0], ""range_warp_specializes"": [null], ""reduction_loops"": [null]}",ok,7.199999876320362,0.022554636001586914,1
softmax,SO_001,256x4096,train,2,heuristics,0,736883104fb84b05,"{""atomic_indexing"": [], ""block_sizes"": [8], ""indexing"": [""pointer"", ""pointer"", ""pointer"", ""pointer"", ""pointer"", ""pointer""], ""load_eviction_policies"": ["""", """", """", """"], ""num_stages"": 2, ""num_warps"": 8, ""pid_type"": ""flat"", ""range_flattens"": [null], ""range_multi_buffers"": [null], ""range_num_stages"": [0], ""range_unroll_factors"": [0], ""range_warp_specializes"": [null], ""reduction_loops"": [null]}",ok,11.296000331640244,0.033379316329956055,0
softmax,SO_001,256x4096,train,2,heuristics,0,f8e7a0fba29310be,"{""atomic_indexing"": [], ""block_sizes"": [16], ""indexing"": [""pointer"", ""pointer"", ""pointer"", ""pointer"", ""pointer"", ""pointer""], ""load_eviction_policies"": ["""", """", """", """"], ""num_stages"": 3, ""num_warps"": 16, ""pid_type"": ""flat"", ""range_flattens"": [null], ""range_multi_buffers"": [null], ""range_num_stages"": [0], ""range_unroll_factors"": [0], ""range_warp_specializes"": [null], ""reduction_loops"": [null]}",ok,17.44000054895878,0.026477336883544922,0
softmax,SO_001,256x4096,train,2,heuristics,0,e856e229bfd873a3,"{""atomic_indexing"": [], ""block_sizes"": [4], ""indexing"": [""pointer"", ""pointer"", ""pointer"", ""pointer"", ""pointer"", ""pointer""], ""load_eviction_policies"": ["""", """", """", """"], ""num_sm_multiplier"": 1, ""num_stages"": 2, ""num_warps"": 8, ""pid_type"": ""persistent_blocked"", ""range_flattens"": [null], ""range_multi_buffers"": [null], ""range_num_stages"": [0], ""range_unroll_factors"": [0], ""range_warp_specializes"": [null], ""reduction_loops"": [null]}",ok,9.247999638319016,0.022382259368896484,0
softmax,SO_001,256x4096,train,2,heuristics,0,51fd620b1c0c7ef0,"{""atomic_indexing"": [], ""block_sizes"": [2], ""indexing"": [""tensor_descriptor"", ""tensor_descriptor"", ""tensor_descriptor"", ""tensor_descriptor"", ""tensor_descriptor"", ""tensor_descriptor""], ""load_eviction_policies"": ["""", """", """", """"], ""num_stages"": 2, ""num_warps"": 4, ""pid_type"": ""flat"", ""range_flattens"": [null], ""range_multi_buffers"": [null], ""range_num_stages"": [0], ""range_unroll_factors"": [0], ""range_warp_specializes"": [null], ""reduction_loops"": [null]}",ok,7.327999919652939,0.31183958053588867,0
softmax,SO_001,256x4096,train,2,heuristics,0,2cc4802b2e676511,"{""atomic_indexing"": [], ""block_sizes"": [32], ""indexing"": [""pointer"", ""pointer"", ""pointer"", ""pointer"", ""pointer"", ""pointer""], ""load_eviction_policies"": ["""", """", """", """"], ""num_sm_multiplier"": 1, ""num_stages"": 2, ""num_warps"": 16, ""pid_type"": ""persistent_interleaved"", ""range_flattens"": [null], ""range_multi_buffers"": [null], ""range_num_stages"": [0], ""range_unroll_factors"": [0], ""range_warp_specializes"": [null], ""reduction_loops"": [null]}",ok,48.128001391887665,1.3313319683074951,0
softmax,SO_002,512x2048,train,0,heuristics,0,b48181f977e3a773,"{""atomic_indexing"": [], ""block_sizes"": [16], ""indexing"": [""tensor_descriptor"", ""tensor_descriptor"", ""pointer"", ""tensor_descriptor"", ""tensor_descriptor"", ""tensor_descriptor""], ""load_eviction_policies"": [""last"", ""first"", """", ""last""], ""num_stages"": 3, ""num_warps"": 16, ""pid_type"": ""flat"", ""range_flattens"": [null], ""range_multi_buffers"": [null], ""range_num_stages"": [0], ""range_unroll_factors"": [0], ""range_warp_specializes"": [null], ""reduction_loops"": [null]}",ok,15.359999611973763,0.36768674850463867,1
softmax,SO_002,512x2048,train,0,heuristics,0,2eaa47515491baec,"{""atomic_indexing"": [], ""block_sizes"": [4], ""indexing"": [""pointer"", ""tensor_descriptor"", ""tensor_descriptor"", ""tensor_descriptor"", ""pointer"", ""tensor_descriptor""], ""load_eviction_policies"": ["""", """", """", ""last""], ""num_stages"": 7, ""num_warps"": 4, ""pid_type"": ""flat"", ""range_flattens"": [null], ""range_multi_buffers"": [null], ""range_num_stages"": [0], ""range_unroll_factors"": [0], ""range_warp_specializes"": [null], ""reduction_loops"": [null]}",ok,8.991999551653862,0.2814671993255615,1
softmax,SO_002,512x2048,train,0,heuristics,0,f5217d8ba28efb96,"{""atomic_indexing"": [], ""block_sizes"": [16], ""indexing"": [""pointer"", ""pointer"", ""pointer"", ""tensor_descriptor"", ""pointer"", ""pointer""], ""load_eviction_policies"": [""first"", """", ""last"", ""last""], ""num_stages"": 4, ""num_warps"": 16, ""pid_type"": ""flat"", ""range_flattens"": [null], ""range_multi_buffers"": [null], ""range_num_stages"": [0], ""range_unroll_factors"": [0], ""range_warp_specializes"": [null], ""reduction_loops"": [null]}",ok,11.296000331640244,0.33182525634765625,1
softmax,SO_002,512x2048,train,0,heuristics,0,2762deffa84c958d,"{""atomic_indexing"": [], ""block_sizes"": [16], ""indexing"": [""tensor_descriptor"", ""pointer"", ""pointer"", ""pointer"", ""pointer"", ""tensor_descriptor""], ""load_eviction_policies"": ["""", ""first"", ""last"", """"], ""num_stages"": 1, ""num_warps"": 16, ""pid_type"": ""flat"", ""range_flattens"": [null], ""range_multi_buffers"": [null], ""range_num_stages"": [0], ""range_unroll_factors"": [0], ""range_warp_specializes"": [null], ""reduction_loops"": [null]}",ok,13.279999606311321,0.25797176361083984,1
softmax,SO_002,512x2048,train,0,heuristics,0,9075cf58f9bd030f,"{""atomic_indexing"": [], ""block_sizes"": [2], ""indexing"": [""tensor_descriptor"", ""pointer"", ""pointer"", ""tensor_descriptor"", ""pointer"", ""pointer""], ""load_eviction_policies"": [""first"", ""first"", """", """"], ""num_stages"": 5, ""num_warps"": 4, ""pid_type"": ""flat"", ""range_flattens"": [null], ""range_multi_buffers"": [null], ""range_num_stages"": [0], ""range_unroll_factors"": [0], ""range_warp_specializes"": [null], ""reduction_loops"": [null]}",ok,7.199999876320362,0.25011730194091797,1
softmax,SO_002,512x2048,train,0,heuristics,0,737389bd6928bf84,"{""atomic_indexing"": [], ""block_sizes"": [2], ""indexing"": [""pointer"", ""tensor_descriptor"", ""pointer"", ""pointer"", ""pointer"", ""tensor_descriptor""], ""load_eviction_policies"": [""last"", """", ""first"", ""last""], ""num_stages"": 4, ""num_warps"": 4, ""pid_type"": ""flat"", ""range_flattens"": [null], ""range_multi_buffers"": [null], ""range_num_stages"": [0], ""range_unroll_factors"": [0], ""range_warp_specializes"": [null], ""reduction_loops"": [null]}",ok,7.23200011998415,0.23281431198120117,1
softmax,SO_002,512x2048,train,0,heuristics,0,37354fe485337843,"{""atomic_indexing"": [], ""block_sizes"": [2], ""indexing"": [""pointer"", ""tensor_descriptor"", ""pointer"", ""pointer"", ""pointer"", ""pointer""], ""load_eviction_policies"": [""last"", ""last"", ""first"", ""first""], ""num_stages"": 7, ""num_warps"": 4, ""pid_type"": ""flat"", ""range_flattens"": [null], ""range_multi_buffers"": [null], ""range_num_stages"": [0], ""range_unroll_factors"": [0], ""range_warp_specializes"": [null], ""reduction_loops"": [null]}",ok,7.23200011998415,0.22562599182128906,1
softmax,SO_002,512x2048,train,0,heuristics,0,5776fd0ad909b2f2,"{""atomic_indexing"": [], ""block_sizes"": [2], ""indexing"": [""tensor_descriptor"", ""tensor_descriptor"", ""tensor_descriptor"", ""pointer"", ""pointer"", ""pointer""], ""load_eviction_policies"": ["""", ""first"", """", ""last""], ""num_stages"": 4, ""num_warps"": 4, ""pid_type"": ""flat"", ""range_flattens"": [null], ""range_multi_buffers"": [null], ""range_num_stages"": [0], ""range_unroll_factors"": [0], ""range_warp_specializes"": [null], ""reduction_loops"": [null]}",ok,7.199999876320362,0.2325739860534668,1
softmax,SO_002,512x2048,train,0,heuristics,0,4fbe96db09effbd2,"{""atomic_indexing"": [], ""block_sizes"": [2], ""indexing"": [""pointer"", ""pointer"", ""tensor_descriptor"", ""tensor_descriptor"", ""pointer"", ""pointer""], ""load_eviction_policies"": ["""", ""last"", ""last"", """"], ""num_stages"": 3, ""num_warps"": 4, ""pid_type"": ""flat"", ""range_flattens"": [null], ""range_multi_buffers"": [null], ""range_num_stages"": [0], ""range_unroll_factors"": [0], ""range_warp_specializes"": [null], ""reduction_loops"": [null]}",ok,7.23200011998415,0.23627138137817383,1
softmax,SO_002,512x2048,train,0,heuristics,0,95e222b5e08b45db,"{""atomic_indexing"": [], ""block_sizes"": [1], ""indexing"": [""pointer"", ""pointer"", ""pointer"", ""pointer"", ""pointer"", ""tensor_descriptor""], ""load_eviction_policies"": ["""", ""last"", """", ""first""], ""num_stages"": 3, ""num_warps"": 4, ""pid_type"": ""flat"", ""range_flattens"": [null], ""range_multi_buffers"": [null], ""range_num_stages"": [0], ""range_unroll_factors"": [0], ""range_warp_specializes"": [null], ""reduction_loops"": [null]}",ok,7.199999876320362,0.19733428955078125,1
softmax,SO_002,512x2048,train,0,heuristics,0,e7669f72e60d9a55,"{""atomic_indexing"": [], ""block_sizes"": [1], ""indexing"": [""tensor_descriptor"", ""pointer"", ""pointer"", ""pointer"", ""tensor_descriptor"", ""pointer""], ""load_eviction_policies"": ["""", ""first"", """", ""last""], ""num_stages"": 2, ""num_warps"": 4, ""pid_type"": ""flat"", ""range_flattens"": [null], ""range_multi_buffers"": [null], ""range_num_stages"": [0], ""range_unroll_factors"": [0], ""range_warp_specializes"": [null], ""reduction_loops"": [null]}",ok,7.199999876320362,0.18890738487243652,1
softmax,SO_002,512x2048,train,0,heuristics,0,e808571f5d538fbe,"{""atomic_indexing"": [], ""block_sizes"": [1], ""indexing"": [""tensor_descriptor"", ""tensor_descriptor"", ""tensor_descriptor"", ""pointer"", ""pointer"", ""pointer""], ""load_eviction_policies"": ["""", ""last"", ""last"", """"], ""num_stages"": 3, ""num_warps"": 4, ""pid_type"": ""flat"", ""range_flattens"": [null], ""range_multi_buffers"": [null], ""range_num_stages"": [0], ""range_unroll_factors"": [0], ""range_warp_specializes"": [null], ""reduction_loops"": [null]}",ok,7.199999876320362,0.17977142333984375,1
softmax,SO_002,512x2048,train,0,heuristics,0,085bea581ac19295,"{""atomic_indexing"": [], ""block_sizes"": [1], ""indexing"": [""pointer"", ""pointer"", ""tensor_descriptor"", ""pointer"", ""pointer"", ""tensor_descriptor""], ""load_eviction_policies"": [""first"", """", """", """"], ""num_stages"": 4, ""num_warps"": 2, ""pid_type"": ""flat"", ""range_flattens"": [null], ""range_multi_buffers"": [null], ""range_num_stages"": [0], ""range_unroll_factors"": [0], ""range_warp_specializes"": [null], ""reduction_loops"": [null]}",ok,7.199999876320362,0.22622966766357422,1
softmax,SO_002,512x2048,train,0,heuristics,0,1267f42f328081fb,"{""atomic_indexing"": [], ""block_sizes"": [1], ""indexing"": [""pointer"", ""tensor_descriptor"", ""pointer"", ""pointer"", ""tensor_descriptor"", ""pointer""], ""load_eviction_policies"": [""last"", ""last"", """", ""last""], ""num_stages"": 1, ""num_warps"": 2, ""pid_type"": ""flat"", ""range_flattens"": [null], ""range_multi_buffers"": [null], ""range_num_stages"": [0], ""range_unroll_factors"": [0], ""range_warp_specializes"": [null], ""reduction_loops"": [null]}",ok,7.199999876320362,0.22999000549316406,1
softmax,SO_002,512x2048,train,0,heuristics,0,08179a1f017a849e,"{""atomic_indexing"": [], ""block_sizes"": [1], ""indexing"": [""pointer"", ""tensor_descriptor"", ""pointer"", ""tensor_descriptor"", ""pointer"", ""pointer""], ""load_eviction_policies"": ["""", ""first"", """", """"], ""num_stages"": 1, ""num_warps"": 2, ""pid_type"": ""flat"", ""range_flattens"": [null], ""range_multi_buffers"": [null], ""range_num_stages"": [0], ""range_unroll_factors"": [0], ""range_warp_specializes"": [null], ""reduction_loops"": [null]}",ok,7.199999876320362,0.22607660293579102,1
softmax,SO_002,512x2048,train,0,heuristics,0,4db99bd1b1fd307f,"{""atomic_indexing"": [], ""block_sizes"": [1], ""indexing"": [""tensor_descriptor"", ""pointer"", ""pointer"", ""pointer"", ""tensor_descriptor"", ""pointer""], ""load_eviction_policies"": [""first"", """", ""last"", ""last""], ""num_stages"": 1, ""num_warps"": 4, ""pid_type"": ""flat"", ""range_flattens"": [null], ""range_multi_buffers"": [null], ""range_num_stages"": [0], ""range_unroll_factors"": [0], ""range_warp_specializes"": [null], ""reduction_loops"": [null]}",ok,7.199999876320362,0.17965316772460938,1
softmax,SO_002,512x2048,train,0,heuristics,0,e9936258141334eb,"{""atomic_indexing"": [], ""block_sizes"": [1], ""indexing"": [""tensor_descriptor"", ""pointer"", ""pointer"", ""pointer"", ""pointer"", ""tensor_descriptor""], ""load_eviction_policies"": [""first"", ""first"", ""last"", ""last""], ""num_stages"": 4, ""num_warps"": 2, ""pid_type"": ""flat"", ""range_flattens"": [null], ""range_multi_buffers"": [null], ""range_num_stages"": [0], ""range_unroll_factors"": [0], ""range_warp_specializes"": [null], ""reduction_loops"": [null]}",ok,7.199999876320362,0.22898054122924805,1
softmax,SO_002,512x2048,train,0,heuristics,0,434f8e224d142a8b,"{""atomic_indexing"": [], ""block_sizes"": [1], ""indexing"": [""tensor_descriptor"", ""tensor_descriptor"", ""tensor_descriptor"", ""tensor_descriptor"", ""tensor_descriptor"", ""pointer""], ""load_eviction_policies"": ["""", ""first"", """", """"], ""num_stages"": 3, ""num_warps"": 4, ""pid_type"": ""flat"", ""range_flattens"": [null], ""range_multi_buffers"": [null], ""range_num_stages"": [0], ""range_unroll_factors"": [0], ""range_warp_specializes"": [null], ""reduction_loops"": [null]}",ok,7.199999876320362,0.16507720947265625,1
softmax,SO_002,512x2048,train,0,heuristics,0,68752d78a5f2f718,"{""atomic_indexing"": [], ""block_sizes"": [1], ""indexing"": [""pointer"", ""tensor_descriptor"", ""tensor_descriptor"", ""tensor_descriptor"", ""pointer"", ""tensor_descriptor""], ""load_eviction_policies"": ["""", """", ""last"", """"], ""num_stages"": 5, ""num_warps"": 4, ""pid_type"": ""flat"", ""range_flattens"": [null], ""range_multi_buffers"": [null], ""range_num_stages"": [0], ""range_unroll_factors"": [0], ""range_warp_specializes"": [null], ""reduction_loops"": [null]}",ok,7.199999876320362,0.16381311416625977,1
softmax,SO_002,512x2048,train,0,heuristics,0,4856eb1714f29c07,"{""atomic_indexing"": [], ""block_sizes"": [1], ""indexing"": [""pointer"", ""pointer"", ""tensor_descriptor"", ""pointer"", ""pointer"", ""pointer""], ""load_eviction_policies"": ["""", ""first"", ""last"", """"], ""num_stages"": 4, ""num_warps"": 4, ""pid_type"": ""flat"", ""range_flattens"": [null], ""range_multi_buffers"": [null], ""range_num_stages"": [0], ""range_unroll_factors"": [0], ""range_warp_specializes"": [null], ""reduction_loops"": [null]}",ok,7.199999876320362,0.16016650199890137,1
softmax,SO_002,512x2048,train,0,heuristics,0,fc018cf22ed54212,"{""atomic_indexing"": [], ""block_sizes"": [1], ""indexing"": [""pointer"", ""pointer"", ""tensor_descriptor"", ""pointer"", ""tensor_descriptor"", ""pointer""], ""load_eviction_policies"": [""first"", """", ""last"", ""last""], ""num_stages"": 5, ""num_warps"": 4, ""pid_type"": ""flat"", ""range_flattens"": [null], ""range_multi_buffers"": [null], ""range_num_stages"": [0], ""range_unroll_factors"": [0], ""range_warp_specializes"": [null], ""reduction_loops"": [null]}",ok,7.199999876320362,0.15777373313903809,1
softmax,SO_002,512x2048,train,0,heuristics,0,c74b29bb5044d66d,"{""atomic_indexing"": [], ""block_sizes"": [1], ""indexing"": [""tensor_descriptor"", ""tensor_descriptor"", ""tensor_descriptor"", ""pointer"", ""pointer"", ""pointer""], ""load_eviction_policies"": ["""", ""first"", ""first"", ""first""], ""num_stages"": 8, ""num_warps"": 1, ""pid_type"": ""flat"", ""range_flattens"": [null], ""range_multi_buffers"": [null], ""range_num_stages"": [0], ""range_unroll_factors"": [0], ""range_warp_specializes"": [null], ""reduction_loops"": [null]}",ok,7.199999876320362,0.31172847747802734,1
softmax,SO_002,512x2048,train,0,heuristics,0,4708becdd7c177b9,"{""atomic_indexing"": [], ""block_sizes"": [1], ""indexing"": [""tensor_descriptor"", ""pointer"", ""pointer"", ""pointer"", ""tensor_descriptor"", ""pointer""], ""load_eviction_policies"": ["""", ""last"", ""first"", """"], ""num_stages"": 4, ""num_warps"": 1, ""pid_type"": ""flat"", ""range_flattens"": [null], ""range_multi_buffers"": [null], ""range_num_stages"": [0], ""range_unroll_factors"": [0], ""range_warp_specializes"": [null], ""reduction_loops"": [null]}",ok,7.199999876320362,0.3119790554046631,1
softmax,SO_002,512x2048,train,0,heuristics,0,99c5aebdeea9e7c6,"{""atomic_indexing"": [], ""block_sizes"": [1], ""indexing"": [""pointer"", ""pointer"", ""tensor_descriptor"", ""pointer"", ""pointer"", ""tensor_descriptor""], ""load_eviction_policies"": ["""", ""first"", ""last"", ""first""], ""num_stages"": 6, ""num_warps"": 1, ""pid_type"": ""flat"", ""range_flattens"": [null], ""range_multi_buffers"": [null], ""range_num_stages"": [0], ""range_unroll_factors"": [0], ""range_warp_specializes"": [null], ""reduction_loops"": [null]}",ok,7.199999876320362,0.3172001838684082,1
softmax,SO_002,512x2048,train,0,heuristics,0,5fda1aeabce14faf,"{""atomic_indexing"": [], ""block_sizes"": [1], ""indexing"": [""tensor_descriptor"", ""pointer"", ""pointer"", ""pointer"", ""pointer"", ""tensor_descriptor""], ""load_eviction_policies"": [""first"", ""first"", ""first"", """"], ""num_stages"": 5, ""num_warps"": 1, ""pid_type"": ""flat"", ""range_flattens"": [null], ""range_multi_buffers"": [null], ""range_num_stages"": [0], ""range_unroll_factors"": [0], ""range_warp_specializes"": [null], ""reduction_loops"": [null]}",ok,7.199999876320362,0.3155937194824219,1
softmax,SO_002,512x2048,train,0,heuristics,0,ecba085562a0f716,"{""atomic_indexing"": [], ""block_sizes"": [1], ""indexing"": [""pointer"", ""pointer"", ""tensor_descriptor"", ""pointer"", ""tensor_descriptor"", ""tensor_descriptor""], ""load_eviction_policies"": ["""", ""last"", ""first"", """"], ""num_stages"": 5, ""num_warps"": 4, ""pid_type"": ""flat"", ""range_flattens"": [null], ""range_multi_buffers"": [null], ""range_num_stages"": [0], ""range_unroll_factors"": [0], ""range_warp_specializes"": [null], ""reduction_loops"": [null]}",ok,7.199999876320362,0.1555190086364746,1
softmax,SO_002,512x2048,train,0,heuristics,0,73ee7ebfcd167c3e,"{""atomic_indexing"": [], ""block_sizes"": [1], ""indexing"": [""pointer"", ""pointer"", ""tensor_descriptor"", ""tensor_descriptor"", ""tensor_descriptor"", ""tensor_descriptor""], ""load_eviction_policies"": [""last"", """", """", ""first""], ""num_stages"": 1, ""num_warps"": 4, ""pid_type"": ""flat"", ""range_flattens"": [null], ""range_multi_buffers"": [null], ""range_num_stages"": [0], ""range_unroll_factors"": [0], ""range_warp_specializes"": [null], ""reduction_loops"": [null]}",ok,7.199999876320362,0.05991244316101074,1
softmax,SO_002,512x2048,train,0,heuristics,0,6fa900742bf7cad2,"{""atomic_indexing"": [], ""block_sizes"": [1], ""indexing"": [""pointer"", ""tensor_descriptor"", ""pointer"", ""pointer"", ""pointer"", ""pointer""], ""load_eviction_policies"": ["""", ""first"", """", ""last""], ""num_stages"": 2, ""num_warps"": 2, ""pid_type"": ""flat"", ""range_flattens"": [null], ""range_multi_buffers"": [null], ""range_num_stages"": [0], ""range_unroll_factors"": [0], ""range_warp_specializes"": [null], ""reduction_loops"": [null]}",ok,7.199999876320362,0.2314620018005371,1
softmax,SO_002,512x2048,train,0,heuristics,0,4c8d5c71e5731ce4,"{""atomic_indexing"": [], ""block_sizes"": [1], ""indexing"": [""pointer"", ""tensor_descriptor"", ""tensor_descriptor"", ""pointer"", ""tensor_descriptor"", ""tensor_descriptor""], ""load_eviction_policies"": [""last"", ""first"", ""last"", """"], ""num_stages"": 4, ""num_warps"": 2, ""pid_type"": ""flat"", ""range_flattens"": [null], ""range_multi_buffers"": [null], ""range_num_stages"": [0], ""range_unroll_factors"": [0], ""range_warp_specializes"": [null], ""reduction_loops"": [null]}",ok,7.199999876320362,0.03958892822265625,1
softmax,SO_002,512x2048,train,0,heuristics,0,8f9244c76278f5d3,"{""atomic_indexing"": [], ""block_sizes"": [1], ""indexing"": [""pointer"", ""pointer"", ""pointer"", ""pointer"", ""pointer"", ""pointer""], ""load_eviction_policies"": ["""", """", """", """"], ""num_stages"": 1, ""num_warps"": 4, ""pid_type"": ""flat"", ""range_flattens"": [null], ""range_multi_buffers"": [null], ""range_num_stages"": [0], ""range_unroll_factors"": [0], ""range_warp_specializes"": [null], ""reduction_loops"": [null]}",ok,7.199999876320362,0.04705476760864258,1
softmax,SO_002,512x2048,train,0,heuristics,0,736883104fb84b05,"{""atomic_indexing"": [], ""block_sizes"": [8], ""indexing"": [""pointer"", ""pointer"", ""pointer"", ""pointer"", ""pointer"", ""pointer""], ""load_eviction_policies"": ["""", """", """", """"], ""num_stages"": 2, ""num_warps"": 8, ""pid_type"": ""flat"", ""range_flattens"": [null], ""range_multi_buffers"": [null], ""range_num_stages"": [0], ""range_unroll_factors"": [0], ""range_warp_specializes"": [null], ""reduction_loops"": [null]}",ok,9.247999638319016,0.06682515144348145,0
softmax,SO_002,512x2048,train,0,heuristics,0,c5b3495357f819fd,"{""atomic_indexing"": [], ""block_sizes"": [4], ""indexing"": [""pointer"", ""pointer"", ""pointer"", ""pointer"", ""pointer"", ""pointer""], ""load_eviction_policies"": ["""", """", """", """"], ""num_stages"": 3, ""num_warps"": 4, ""pid_type"": ""flat"", ""range_flattens"": [null], ""range_multi_buffers"": [null], ""range_num_stages"": [0], ""range_unroll_factors"": [0], ""range_warp_specializes"": [null], ""reduction_loops"": [null]}",ok,7.360000163316727,0.04928255081176758,0
softmax,SO_002,512x2048,train,0,heuristics,0,241d1edce050f701,"{""atomic_indexing"": [], ""block_sizes"": [16], ""indexing"": [""pointer"", ""pointer"", ""pointer"", ""pointer"", ""pointer"", ""pointer""], ""load_eviction_policies"": ["""", """", """", """"], ""num_sm_multiplier"": 1, ""num_stages"": 2, ""num_warps"": 16, ""pid_type"": ""persistent_blocked"", ""range_flattens"": [null], ""range_multi_buffers"": [null], ""range_num_stages"": [0], ""range_unroll_factors"": [0], ""range_warp_specializes"": [null], ""reduction_loops"": [null]}",ok,11.296000331640244,0.0336456298828125,0
softmax,SO_002,512x2048,train,0,heuristics,0,e114f7ad07636ad0,"{""atomic_indexing"": [], ""block_sizes"": [2], ""indexing"": [""tensor_descriptor"", ""tensor_descriptor"", ""tensor_descriptor"", ""tensor_descriptor"", ""tensor_descriptor"", ""tensor_descriptor""], ""load_eviction_policies"": ["""", """", """", """"], ""num_stages"": 2, ""num_warps"": 8, ""pid_type"": ""flat"", ""range_flattens"": [null], ""range_multi_buffers"": [null], ""range_num_stages"": [0], ""range_unroll_factors"": [0], ""range_warp_specializes"": [null], ""reduction_loops"": [null]}",ok,7.199999876320362,0.027187585830688477,0
softmax,SO_002,512x2048,train,0,heuristics,0,93ed4ef3969e7542,"{""atomic_indexing"": [], ""block_sizes"": [32], ""indexing"": [""pointer"", ""pointer"", ""pointer"", ""pointer"", ""pointer"", ""pointer""], ""load_eviction_policies"": ["""", """", """", """"], ""num_sm_multiplier"": 1, ""num_stages"": 3, ""num_warps"": 16, ""pid_type"": ""persistent_interleaved"", ""range_flattens"": [null], ""range_multi_buffers"": [null], ""range_num_stages"": [2], ""range_unroll_factors"": [0], ""range_warp_specializes"": [null], ""reduction_loops"": [null]}",ok,19.487999379634857,0.6759214401245117,0
softmax,SO_002,512x2048,train,1,heuristics,0,b48181f977e3a773,"{""atomic_indexing"": [], ""block_sizes"": [16], ""indexing"": [""tensor_descriptor"", ""tensor_descriptor"", ""pointer"", ""tensor_descriptor"", ""tensor_descriptor"", ""tensor_descriptor""], ""load_eviction_policies"": [""last"", ""first"", """", ""last""], ""num_stages"": 3, ""num_warps"": 16, ""pid_type"": ""flat"", ""range_flattens"": [null], ""range_multi_buffers"": [null], ""range_num_stages"": [0], ""range_unroll_factors"": [0], ""range_warp_specializes"": [null], ""reduction_loops"": [null]}",ok,15.359999611973763,0.27379631996154785,1
softmax,SO_002,512x2048,train,1,heuristics,0,2eaa47515491baec,"{""atomic_indexing"": [], ""block_sizes"": [4], ""indexing"": [""pointer"", ""tensor_descriptor"", ""tensor_descriptor"", ""tensor_descriptor"", ""pointer"", ""tensor_descriptor""], ""load_eviction_policies"": ["""", """", """", ""last""], ""num_stages"": 7, ""num_warps"": 4, ""pid_type"": ""flat"", ""range_flattens"": [null], ""range_multi_buffers"": [null], ""range_num_stages"": [0], ""range_unroll_factors"": [0], ""range_warp_specializes"": [null], ""reduction_loops"": [null]}",ok,7.360000163316727,0.254148006439209,1
softmax,SO_002,512x2048,train,1,heuristics,0,f5217d8ba28efb96,"{""atomic_indexing"": [], ""block_sizes"": [16], ""indexing"": [""pointer"", ""pointer"", ""pointer"", ""tensor_descriptor"", ""pointer"", ""pointer""], ""load_eviction_policies"": [""first"", """", ""last"", ""last""], ""num_stages"": 4, ""num_warps"": 16, ""pid_type"": ""flat"", ""range_flattens"": [null], ""range_multi_buffers"": [null], ""range_num_stages"": [0], ""range_unroll_factors"": [0], ""range_warp_specializes"": [null], ""reduction_loops"": [null]}",ok,11.296000331640244,0.23700523376464844,1
softmax,SO_002,512x2048,train,1,heuristics,0,2762deffa84c958d,"{""atomic_indexing"": [], ""block_sizes"": [16], ""indexing"": [""tensor_descriptor"", ""pointer"", ""pointer"", ""pointer"", ""pointer"", ""tensor_descriptor""], ""load_eviction_policies"": ["""", ""first"", ""last"", """"], ""num_stages"": 1, ""num_warps"": 16, ""pid_type"": ""flat"", ""range_flattens"": [null], ""range_multi_buffers"": [null], ""range_num_stages"": [0], ""range_unroll_factors"": [0], ""range_warp_specializes"": [null], ""reduction_loops"": [null]}",ok,13.279999606311321,0.2301783561706543,1
softmax,SO_002,512x2048,train,1,heuristics,0,9075cf58f9bd030f,"{""atomic_indexing"": [], ""block_sizes"": [2], ""indexing"": [""tensor_descriptor"", ""pointer"", ""pointer"", ""tensor_descriptor"", ""pointer"", ""pointer""], ""load_eviction_policies"": [""first"", ""first"", """", """"], ""num_stages"": 5, ""num_warps"": 4, ""pid_type"": ""flat"", ""range_flattens"": [null], ""range_multi_buffers"": [null], ""range_num_stages"": [0], ""range_unroll_factors"": [0], ""range_warp_specializes"": [null], ""reduction_loops"": [null]}",ok,7.23200011998415,0.2213912010192871,1
softmax,SO_002,512x2048,train,1,heuristics,0,737389bd6928bf84,"{""atomic_indexing"": [], ""block_sizes"": [2], ""indexing"": [""pointer"", ""tensor_descriptor"", ""pointer"", ""pointer"", ""pointer"", ""tensor_descriptor""], ""load_eviction_policies"": [""last"", """", ""first"", ""last""], ""num_stages"": 4, ""num_warps"": 4, ""pid_type"": ""flat"", ""range_flattens"": [null], ""range_multi_buffers"": [null], ""range_num_stages"": [0], ""range_unroll_factors"": [0], ""range_warp_specializes"": [null], ""reduction_loops"": [null]}",ok,7.23200011998415,0.21441364288330078,1
softmax,SO_002,512x2048,train,1,heuristics,0,37354fe485337843,"{""atomic_indexing"": [], ""block_sizes"": [2], ""indexing"": [""pointer"", ""tensor_descriptor"", ""pointer"", ""pointer"", ""pointer"", ""pointer""], ""load_eviction_policies"": [""last"", ""last"", ""first"", ""first""], ""num_stages"": 7, ""num_warps"": 4, ""pid_type"": ""flat"", ""range_flattens"": [null], ""range_multi_buffers"": [null], ""range_num_stages"": [0], ""range_unroll_factors"": [0], ""range_warp_specializes"": [null], ""reduction_loops"": [null]}",ok,7.23200011998415,0.20575189590454102,1
softmax,SO_002,512x2048,train,1,heuristics,0,5776fd0ad909b2f2,"{""atomic_indexing"": [], ""block_sizes"": [2], ""indexing"": [""tensor_descriptor"", ""tensor_descriptor"", ""tensor_descriptor"", ""pointer"", ""pointer"", ""pointer""], ""load_eviction_policies"": ["""", ""first"", """", ""last""], ""num_stages"": 4, ""num_warps"": 4, ""pid_type"": ""flat"", ""range_flattens"": [null], ""range_multi_buffers"": [null], ""range_num_stages"": [0], ""range_unroll_factors"": [0], ""range_warp_specializes"": [null], ""reduction_loops"": [null]}",ok,7.23200011998415,0.19811582565307617,1
softmax,SO_002,512x2048,train,1,heuristics,0,4fbe96db09effbd2,"{""atomic_indexing"": [], ""block_sizes"": [2], ""indexing"": [""pointer"", ""pointer"", ""tensor_descriptor"", ""tensor_descriptor"", ""pointer"", ""pointer""], ""load_eviction_policies"": ["""", ""last"", ""last"", """"], ""num_stages"": 3, ""num_warps"": 4, ""pid_type"": ""flat"", ""range_flattens"": [null], ""range_multi_buffers"": [null], ""range_num_stages"": [0], ""range_unroll_factors"": [0], ""range_warp_specializes"": [null], ""reduction_loops"": [null]}",ok,7.23200011998415,0.19091224670410156,1
softmax,SO_002,512x2048,train,1,heuristics,0,95e222b5e08b45db,"{""atomic_indexing"": [], ""block_sizes"": [1], ""indexing"": [""pointer"", ""pointer"", ""pointer"", ""pointer"", ""pointer"", ""tensor_descriptor""], ""load_eviction_policies"": ["""", ""last"", """", ""first""], ""num_stages"": 3, ""num_warps"": 4, ""pid_type"": ""flat"", ""range_flattens"": [null], ""range_multi_buffers"": [null], ""range_num_stages"": [0], ""range_unroll_factors"": [0], ""range_warp_specializes"": [null], ""reduction_loops"": [null]}",ok,7.199999876320362,0.18303894996643066,1
softmax,SO_002,512x2048,train,1,heuristics,0,e7669f72e60d9a55,"{""atomic_indexing"": [], ""block_sizes"": [1], ""indexing"": [""tensor_descriptor"", ""pointer"", ""pointer"", ""pointer"", ""tensor_descriptor"", ""pointer""], ""load_eviction_policies"": ["""", ""first"", """", ""last""], ""num_stages"": 2, ""num_warps"": 4, ""pid_type"": ""flat"", ""range_flattens"": [null], ""range_multi_buffers"": [null], ""range_num_stages"": [0], ""range_unroll_factors"": [0], ""range_warp_specializes"": [null], ""reduction_loops"": [null]}",ok,7.199999876320362,0.17378592491149902,1
softmax,SO_002,512x2048,train,1,heuristics,0,e808571f5d538fbe,"{""atomic_indexing"": [], ""block_sizes"": [1], ""indexing"": [""tensor_descriptor"", ""tensor_descriptor"", ""tensor_descriptor"", ""pointer"", ""pointer"", ""pointer""], ""load_eviction_policies"": ["""", ""last"", ""last"", """"], ""num_stages"": 3, ""num_warps"": 4, ""pid_type"": ""flat"", ""range_flattens"": [null], ""range_multi_buffers"": [null], ""range_num_stages"": [0], ""range_unroll_factors"": [0], ""range_warp_specializes"": [null], ""reduction_loops"": [null]}",ok,7.199999876320362,0.155228853225708,1
softmax,SO_002,512x2048,train,1,heuristics,0,085bea581ac19295,"{""atomic_indexing"": [], ""block_sizes"": [1], ""indexing"": [""pointer"", ""pointer"", ""tensor_descriptor"", ""pointer"", ""pointer"", ""tensor_descriptor""], ""load_eviction_policies"": [""first"", """", """", """"], ""num_stages"": 4, ""num_warps"": 2, ""pid_type"": ""flat"", ""range_flattens"": [null], ""range_multi_buffers"": [null], ""range_num_stages"": [0], ""range_unroll_factors"": [0], ""range_warp_specializes"": [null], ""reduction_loops"": [null]}",ok,7.199999876320362,0.1475825309753418,1
softmax,SO_002,512x2048,train,1,heuristics,0,1267f42f328081fb,"{""atomic_indexing"": [], ""block_sizes"": [1], ""indexing"": [""pointer"", ""tensor_descriptor"", ""pointer"", ""pointer"", ""tensor_descriptor"", ""pointer""], ""load_eviction_policies"": [""last"", ""last"", """", ""last""], ""num_stages"": 1, ""num_warps"": 2, ""pid_type"": ""flat"", ""range_flattens"": [null], ""range_multi_buffers"": [null], ""range_num_stages"": [0], ""range_unroll_factors"": [0], ""range_warp_specializes"": [null], ""reduction_loops"": [null]}",ok,7.199999876320362,0.12927842140197754,1
softmax,SO_002,512x2048,train,1,heuristics,0,08179a1f017a849e,"{""atomic_indexing"": [], ""block_sizes"": [1], ""indexing"": [""pointer"", ""tensor_descriptor"", ""pointer"", ""tensor_descriptor"", ""pointer"", ""pointer""], ""load_eviction_policies"": ["""", ""first"", """", """"], ""num_stages"": 1, ""num_warps"": 2, ""pid_type"": ""flat"", ""range_flattens"": [null], ""range_multi_buffers"": [null], ""range_num_stages"": [0], ""range_unroll_factors"": [0], ""range_warp_specializes"": [null], ""reduction_loops"": [null]}",ok,7.199999876320362,0.1209256649017334,1
softmax,SO_002,512x2048,train,1,heuristics,0,4db99bd1b1fd307f,"{""atomic_indexing"": [], ""block_sizes"": [1], ""indexing"": [""tensor_descriptor"", ""pointer"", ""pointer"", ""pointer"", ""tensor_descriptor"", ""pointer""], ""load_eviction_policies"": [""first"", """", ""last"", ""last""], ""num_stages"": 1, ""num_warps"": 4, ""pid_type"": ""flat"", ""range_flattens"": [null], ""range_multi_buffers"": [null], ""range_num_stages"": [0], ""range_unroll_factors"": [0], ""range_warp_specializes"": [null], ""reduction_loops"": [null]}",ok,7.199999876320362,0.11375880241394043,1
softmax,SO_002,512x2048,train,1,heuristics,0,e9936258141334eb,"{""atomic_indexing"": [], ""block_sizes"": [1], ""indexing"": [""tensor_descriptor"", ""pointer"", ""pointer"", ""pointer"", ""pointer"", ""tensor_descriptor""], ""load_eviction_policies"": [""first"", ""first"", ""last"", ""last""], ""num_stages"": 4, ""num_warps"": 2, ""pid_type"": ""flat"", ""range_flattens"": [null], ""range_multi_buffers"": [null], ""range_num_stages"": [0], ""range_unroll_factors"": [0], ""range_warp_specializes"": [null], ""reduction_loops"": [null]}",ok,7.199999876320362,0.10640144348144531,1
softmax,SO_002,512x2048,train,1,heuristics,0,434f8e224d142a8b,"{""atomic_indexing"": [], ""block_sizes"": [1], ""indexing"": [""tensor_descriptor"", ""tensor_descriptor"", ""tensor_descriptor"", ""tensor_descriptor"", ""tensor_descriptor"", ""pointer""], ""load_eviction_policies"": ["""", ""first"", """", """"], ""num_stages"": 3, ""num_warps"": 4, ""pid_type"": ""flat"", ""range_flattens"": [null], ""range_multi_buffers"": [null], ""range_num_stages"": [0], ""range_unroll_factors"": [0], ""range_warp_specializes"": [null], ""reduction_loops"": [null]}",ok,7.199999876320362,0.09896445274353027,1
softmax,SO_002,512x2048,train,1,heuristics,0,68752d78a5f2f718,"{""atomic_indexing"": [], ""block_sizes"": [1], ""indexing"": [""pointer"", ""tensor_descriptor"", ""tensor_descriptor"", ""tensor_descriptor"", ""pointer"", ""tensor_descriptor""], ""load_eviction_policies"": ["""", """", ""last"", """"], ""num_stages"": 5, ""num_warps"": 4, ""pid_type"": ""flat"", ""range_flattens"": [null], ""range_multi_buffers"": [null], ""range_num_stages"": [0], ""range_unroll_factors"": [0], ""range_warp_specializes"": [null], ""reduction_loops"": [null]}",ok,7.199999876320362,0.09127068519592285,1
softmax,SO_002,512x2048,train,1,heuristics,0,4856eb1714f29c07,"{""atomic_indexing"": [], ""block_sizes"": [1], ""indexing"": [""pointer"", ""pointer"", ""tensor_descriptor"", ""pointer"", ""pointer"", ""pointer""], ""load_eviction_policies"": ["""", ""first"", ""last"", """"], ""num_stages"": 4, ""num_warps"": 4, ""pid_type"": ""flat"", ""range_flattens"": [null], ""range_multi_buffers"": [null], ""range_num_stages"": [0], ""range_unroll_factors"": [0], ""range_warp_specializes"": [null], ""reduction_loops"": [null]}",ok,7.199999876320362,0.08402752876281738,1
softmax,SO_002,512x2048,train,1,heuristics,0,fc018cf22ed54212,"{""atomic_indexing"": [], ""block_sizes"": [1], ""indexing"": [""pointer"", ""pointer"", ""tensor_descriptor"", ""pointer"", ""tensor_descriptor"", ""pointer""], ""load_eviction_policies"": [""first"", """", ""last"", ""last""], ""num_stages"": 5, ""num_warps"": 4, ""pid_type"": ""flat"", ""range_flattens"": [null], ""range_multi_buffers"": [null], ""range_num_stages"": [0], ""range_unroll_factors"": [0], ""range_warp_specializes"": [null], ""reduction_loops"": [null]}",ok,7.199999876320362,0.07567334175109863,1
softmax,SO_002,512x2048,train,1,heuristics,0,c74b29bb5044d66d,"{""atomic_indexing"": [], ""block_sizes"": [1], ""indexing"": [""tensor_descriptor"", ""tensor_descriptor"", ""tensor_descriptor"", ""pointer"", ""pointer"", ""pointer""], ""load_eviction_policies"": ["""", ""first"", ""first"", ""first""], ""num_stages"": 8, ""num_warps"": 1, ""pid_type"": ""flat"", ""range_flattens"": [null], ""range_multi_buffers"": [null], ""range_num_stages"": [0], ""range_unroll_factors"": [0], ""range_warp_specializes"": [null], ""reduction_loops"": [null]}",ok,7.199999876320362,0.06860113143920898,1
softmax,SO_002,512x2048,train,1,heuristics,0,4708becdd7c177b9,"{""atomic_indexing"": [], ""block_sizes"": [1], ""indexing"": [""tensor_descriptor"", ""pointer"", ""pointer"", ""pointer"", ""tensor_descriptor"", ""pointer""], ""load_eviction_policies"": ["""", ""last"", ""first"", """"], ""num_stages"": 4, ""num_warps"": 1, ""pid_type"": ""flat"", ""range_flattens"": [null], ""range_multi_buffers"": [null], ""range_num_stages"": [0], ""range_unroll_factors"": [0], ""range_warp_specializes"": [null], ""reduction_loops"": [null]}",ok,7.199999876320362,0.06006050109863281,1
softmax,SO_002,512x2048,train,1,heuristics,0,99c5aebdeea9e7c6,"{""atomic_indexing"": [], ""block_sizes"": [1], ""indexing"": [""pointer"", ""pointer"", ""tensor_descriptor"", ""pointer"", ""pointer"", ""tensor_descriptor""], ""load_eviction_policies"": ["""", ""first"", ""last"", ""first""], ""num_stages"": 6, ""num_warps"": 1, ""pid_type"": ""flat"", ""range_flattens"": [null], ""range_multi_buffers"": [null], ""range_num_stages"": [0], ""range_unroll_factors"": [0], ""range_warp_specializes"": [null], ""reduction_loops"": [null]}",ok,7.199999876320362,0.05305194854736328,1
softmax,SO_002,512x2048,train,1,heuristics,0,5fda1aeabce14faf,"{""atomic_indexing"": [], ""block_sizes"": [1], ""indexing"": [""tensor_descriptor"", ""pointer"", ""pointer"", ""pointer"", ""pointer"", ""tensor_descriptor""], ""load_eviction_policies"": [""first"", ""first"", ""first"", """"], ""num_stages"": 5, ""num_warps"": 1, ""pid_type"": ""flat"", ""range_flattens"": [null], ""range_multi_buffers"": [null], ""range_num_stages"": [0], ""range_unroll_factors"": [0], ""range_warp_specializes"": [null], ""reduction_loops"": [null]}",ok,7.199999876320362,0.04401874542236328,1
softmax,SO_002,512x2048,train,1,heuristics,0,ecba085562a0f716,"{""atomic_indexing"": [], ""block_sizes"": [1], ""indexing"": [""pointer"", ""pointer"", ""tensor_descriptor"", ""pointer"", ""tensor_descriptor"", ""tensor_descriptor""], ""load_eviction_policies"": ["""", ""last"", ""first"", """"], ""num_stages"": 5, ""num_warps"": 4, ""pid_type"": ""flat"", ""range_flattens"": [null], ""range_multi_buffers"": [null], ""range_num_stages"": [0], ""range_unroll_factors"": [0], ""range_warp_specializes"": [null], ""reduction_loops"": [null]}",ok,7.199999876320362,0.037278175354003906,1
softmax,SO_002,512x2048,train,1,heuristics,0,73ee7ebfcd167c3e,"{""atomic_indexing"": [], ""block_sizes"": [1], ""indexing"": [""pointer"", ""pointer"", ""tensor_descriptor"", ""tensor_descriptor"", ""tensor_descriptor"", ""tensor_descriptor""], ""load_eviction_policies"": [""last"", """", """", ""first""], ""num_stages"": 1, ""num_warps"": 4, ""pid_type"": ""flat"", ""range_flattens"": [null], ""range_multi_buffers"": [null], ""range_num_stages"": [0], ""range_unroll_factors"": [0], ""range_warp_specializes"": [null], ""reduction_loops"": [null]}",ok,7.199999876320362,0.02943587303161621,1
softmax,SO_002,512x2048,train,1,heuristics,0,6fa900742bf7cad2,"{""atomic_indexing"": [], ""block_sizes"": [1], ""indexing"": [""pointer"", ""tensor_descriptor"", ""pointer"", ""pointer"", ""pointer"", ""pointer""], ""load_eviction_policies"": ["""", ""first"", """", ""last""], ""num_stages"": 2, ""num_warps"": 2, ""pid_type"": ""flat"", ""range_flattens"": [null], ""range_multi_buffers"": [null], ""range_num_stages"": [0], ""range_unroll_factors"": [0], ""range_warp_specializes"": [null], ""reduction_loops"": [null]}",ok,7.199999876320362,0.022731781005859375,1
softmax,SO_002,512x2048,train,1,heuristics,0,4c8d5c71e5731ce4,"{""atomic_indexing"": [], ""block_sizes"": [1], ""indexing"": [""pointer"", ""tensor_descriptor"", ""tensor_descriptor"", ""pointer"", ""tensor_descriptor"", ""tensor_descriptor""], ""load_eviction_policies"": [""last"", ""first"", ""last"", """"], ""num_stages"": 4, ""num_warps"": 2, ""pid_type"": ""flat"", ""range_flattens"": [null], ""range_multi_buffers"": [null], ""range_num_stages"": [0], ""range_unroll_factors"": [0], ""range_warp_specializes"": [null], ""reduction_loops"": [null]}",ok,7.199999876320362,0.02192997932434082,1
softmax,SO_002,512x2048,train,1,heuristics,0,8f9244c76278f5d3,"{""atomic_indexing"": [], ""block_sizes"": [1], ""indexing"": [""pointer"", ""pointer"", ""pointer"", ""pointer"", ""pointer"", ""pointer""], ""load_eviction_policies"": ["""", """", """", """"], ""num_stages"": 1, ""num_warps"": 4, ""pid_type"": ""flat"", ""range_flattens"": [null], ""range_multi_buffers"": [null], ""range_num_stages"": [0], ""range_unroll_factors"": [0], ""range_warp_specializes"": [null], ""reduction_loops"": [null]}",ok,7.199999876320362,0.02225041389465332,1
softmax,SO_002,512x2048,train,1,heuristics,0,736883104fb84b05,"{""atomic_indexing"": [], ""block_sizes"": [8], ""indexing"": [""pointer"", ""pointer"", ""pointer"", ""pointer"", ""pointer"", ""pointer""], ""load_eviction_policies"": ["""", """", """", """"], ""num_stages"": 2, ""num_warps"": 8, ""pid_type"": ""flat"", ""range_flattens"": [null], ""range_multi_buffers"": [null], ""range_num_stages"": [0], ""range_unroll_factors"": [0], ""range_warp_specializes"": [null], ""reduction_loops"": [null]}",ok,9.247999638319016,0.033693790435791016,0
softmax,SO_002,512x2048,train,1,heuristics,0,02b40432328bb616,"{""atomic_indexing"": [], ""block_sizes"": [16], ""indexing"": [""pointer"", ""pointer"", ""pointer"", ""pointer"", ""pointer"", ""pointer""], ""load_eviction_policies"": ["""", """", """", """"], ""num_stages"": 3, ""num_warps"": 8, ""pid_type"": ""flat"", ""range_flattens"": [null], ""range_multi_buffers"": [null], ""range_num_stages"": [0], ""range_unroll_factors"": [0], ""range_warp_specializes"": [null], ""reduction_loops"": [null]}",ok,11.264000087976456,0.026788711547851562,0
softmax,SO_002,512x2048,train,1,heuristics,0,a22a4b704ac9c927,"{""atomic_indexing"": [], ""block_sizes"": [4], ""indexing"": [""pointer"", ""pointer"", ""pointer"", ""pointer"", ""pointer"", ""pointer""], ""load_eviction_policies"": ["""", """", """", """"], ""num_sm_multiplier"": 1, ""num_stages"": 2, ""num_warps"": 4, ""pid_type"": ""persistent_blocked"", ""range_flattens"": [null], ""range_multi_buffers"": [null], ""range_num_stages"": [0], ""range_unroll_factors"": [0], ""range_warp_specializes"": [null], ""reduction_loops"": [null]}",ok,7.360000163316727,0.0253145694732666,0
softmax,SO_002,512x2048,train,1,heuristics,0,db08dbbf6ad57f96,"{""atomic_indexing"": [], ""block_sizes"": [32], ""indexing"": [""tensor_descriptor"", ""tensor_descriptor"", ""tensor_descriptor"", ""tensor_descriptor"", ""tensor_descriptor"", ""tensor_descriptor""], ""load_eviction_policies"": ["""", """", """", """"], ""num_stages"": 2, ""num_warps"": 16, ""pid_type"": ""flat"", ""range_flattens"": [null], ""range_multi_buffers"": [null], ""range_num_stages"": [0], ""range_unroll_factors"": [0], ""range_warp_specializes"": [null], ""reduction_loops"": [null]}",ok,21.536000072956085,0.021354198455810547,0
softmax,SO_002,512x2048,train,1,heuristics,0,97489e6e5bb2b9e8,"{""atomic_indexing"": [], ""block_sizes"": [2], ""indexing"": [""pointer"", ""pointer"", ""pointer"", ""pointer"", ""pointer"", ""pointer""], ""load_eviction_policies"": ["""", """", """", """"], ""num_stages"": 1, ""num_warps"": 4, ""pid_type"": ""flat"", ""range_flattens"": [null], ""range_multi_buffers"": [null], ""range_num_stages"": [0], ""range_unroll_factors"": [0], ""range_warp_specializes"": [null], ""reduction_loops"": [null]}",ok,7.199999876320362,0.021571874618530273,0
softmax,SO_002,512x2048,train,2,heuristics,0,b48181f977e3a773,"{""atomic_indexing"": [], ""block_sizes"": [16], ""indexing"": [""tensor_descriptor"", ""tensor_descriptor"", ""pointer"", ""tensor_descriptor"", ""tensor_descriptor"", ""tensor_descriptor""], ""load_eviction_policies"": [""last"", ""first"", """", ""last""], ""num_stages"": 3, ""num_warps"": 16, ""pid_type"": ""flat"", ""range_flattens"": [null], ""range_multi_buffers"": [null], ""range_num_stages"": [0], ""range_unroll_factors"": [0], ""range_warp_specializes"": [null], ""reduction_loops"": [null]}",ok,15.32800029963255,0.23698782920837402,1
softmax,SO_002,512x2048,train,2,heuristics,0,2eaa47515491baec,"{""atomic_indexing"": [], ""block_sizes"": [4], ""indexing"": [""pointer"", ""tensor_descriptor"", ""tensor_descriptor"", ""tensor_descriptor"", ""pointer"", ""tensor_descriptor""], ""load_eviction_policies"": ["""", """", """", ""last""], ""num_stages"": 7, ""num_warps"": 4, ""pid_type"": ""flat"", ""range_flattens"": [null], ""range_multi_buffers"": [null], ""range_num_stages"": [0], ""range_unroll_factors"": [0], ""range_warp_specializes"": [null], ""reduction_loops"": [null]}",ok,7.360000163316727,0.23025226593017578,1
softmax,SO_002,512x2048,train,2,heuristics,0,f5217d8ba28efb96,"{""atomic_indexing"": [], ""block_sizes"": [16], ""indexing"": [""pointer"", ""pointer"", ""pointer"", ""tensor_descriptor"", ""pointer"", ""pointer""], ""load_eviction_policies"": [""first"", """", ""last"", ""last""], ""num_stages"": 4, ""num_warps"": 16, ""pid_type"": ""flat"", ""range_flattens"": [null], ""range_multi_buffers"": [null], ""range_num_stages"": [0], ""range_unroll_factors"": [0], ""range_warp_specializes"": [null], ""reduction_loops"": [null]}",ok,11.296000331640244,0.2234811782836914,1
softmax,SO_002,512x2048,train,2,heuristics,0,2762deffa84c958d,"{""atomic_indexing"": [], ""block_sizes"": [16], ""indexing"": [""tensor_descriptor"", ""pointer"", ""pointer"", ""pointer"", ""pointer"", ""tensor_descriptor""], ""load_eviction_policies"": ["""", ""first"", ""last"", """"], ""num_stages"": 1, ""num_warps"": 16, ""pid_type"": ""flat"", ""range_flattens"": [null], ""range_multi_buffers"": [null], ""range_num_stages"": [0], ""range_unroll_factors"": [0], ""range_warp_specializes"": [null], ""reduction_loops"": [null]}",ok,13.279999606311321,0.21445727348327637,1
softmax,SO_002,512x2048,train,2,heuristics,0,9075cf58f9bd030f,"{""atomic_indexing"": [], ""block_sizes"": [2], ""indexing"": [""tensor_descriptor"", ""pointer"", ""pointer"", ""tensor_descriptor"", ""pointer"", ""pointer""], ""load_eviction_policies"": [""first"", ""first"", """", """"], ""num_stages"": 5, ""num_warps"": 4, ""pid_type"": ""flat"", ""range_flattens"": [null], ""range_multi_buffers"": [null], ""range_num_stages"": [0], ""range_unroll_factors"": [0], ""range_warp_specializes"": [null], ""reduction_loops"": [null]}",ok,7.23200011998415,0.20780301094055176,1
softmax,SO_002,512x2048,train,2,heuristics,0,737389bd6928bf84,"{""atomic_indexing"": [], ""block_sizes"": [2], ""indexing"": [""pointer"", ""tensor_descriptor"", ""pointer"", ""pointer"", ""pointer"", ""tensor_descriptor""], ""load_eviction_policies"": [""last"", """", ""first"", ""last""], ""num_stages"": 4, ""num_warps"": 4, ""pid_type"": ""flat"", ""range_flattens"": [null], ""range_multi_buffers"": [null], ""range_num_stages"": [0], ""range_unroll_factors"": [0], ""range_warp_specializes"": [null], ""reduction_loops"": [null]}",ok,7.23200011998415,0.19808149337768555,1
softmax,SO_002,512x2048,train,2,heuristics,0,37354fe485337843,"{""atomic_indexing"": [], ""block_sizes"": [2], ""indexing"": [""pointer"", ""tensor_descriptor"", ""pointer"", ""pointer"", ""pointer"", ""pointer""], ""load_eviction_policies"": [""last"", ""last"", ""first"", ""first""], ""num_stages"": 7, ""num_warps"": 4, ""pid_type"": ""flat"", ""range_flattens"": [null], ""range_multi_buffers"": [null], ""range_num_stages"": [0], ""range_unroll_factors"": [0], ""range_warp_specializes"": [null], ""reduction_loops"": [null]}",ok,7.23200011998415,0.19084954261779785,1
softmax,SO_002,512x2048,train,2,heuristics,0,5776fd0ad909b2f2,"{""atomic_indexing"": [], ""block_sizes"": [2], ""indexing"": [""tensor_descriptor"", ""tensor_descriptor"", ""tensor_descriptor"", ""pointer"", ""pointer"", ""pointer""], ""load_eviction_policies"": ["""", ""first"", """", ""last""], ""num_stages"": 4, ""num_warps"": 4, ""pid_type"": ""flat"", ""range_flattens"": [null], ""range_multi_buffers"": [null], ""range_num_stages"": [0], ""range_unroll_factors"": [0], ""range_warp_specializes"": [null], ""reduction_loops"": [null]}",ok,7.23200011998415,0.18383097648620605,1
softmax,SO_002,512x2048,train,2,heuristics,0,4fbe96db09effbd2,"{""atomic_indexing"": [], ""block_sizes"": [2], ""indexing"": [""pointer"", ""pointer"", ""tensor_descriptor"", ""tensor_descriptor"", ""pointer"", ""pointer""], ""load_eviction_policies"": ["""", ""last"", ""last"", """"], ""num_stages"": 3, ""num_warps"": 4, ""pid_type"": ""flat"", ""range_flattens"": [null], ""range_multi_buffers"": [null], ""range_num_stages"": [0], ""range_unroll_factors"": [0], ""range_warp_specializes"": [null], ""reduction_loops"": [null]}",ok,7.23200011998415,0.17656970024108887,1
softmax,SO_002,512x2048,train,2,heuristics,0,95e222b5e08b45db,"{""atomic_indexing"": [], ""block_sizes"": [1], ""indexing"": [""pointer"", ""pointer"", ""pointer"", ""pointer"", ""pointer"", ""tensor_descriptor""], ""load_eviction_policies"": ["""", ""last"", """", ""first""], ""num_stages"": 3, ""num_warps"": 4, ""pid_type"": ""flat"", ""range_flattens"": [null], ""range_multi_buffers"": [null], ""range_num_stages"": [0], ""range_unroll_factors"": [0], ""range_warp_specializes"": [null], ""reduction_loops"": [null]}",ok,7.199999876320362,0.16950511932373047,1
softmax,SO_002,512x2048,train,2,heuristics,0,e7669f72e60d9a55,"{""atomic_indexing"": [], ""block_sizes"": [1], ""indexing"": [""tensor_descriptor"", ""pointer"", ""pointer"", ""pointer"", ""tensor_descriptor"", ""pointer""], ""load_eviction_policies"": ["""", ""first"", """", ""last""], ""num_stages"": 2, ""num_warps"": 4, ""pid_type"": ""flat"", ""range_flattens"": [null], ""range_multi_buffers"": [null], ""range_num_stages"": [0], ""range_unroll_factors"": [0], ""range_warp_specializes"": [null], ""reduction_loops"": [null]}",ok,7.199999876320362,0.16171860694885254,1
softmax,SO_002,512x2048,train,2,heuristics,0,e808571f5d538fbe,"{""atomic_indexing"": [], ""block_sizes"": [1], ""indexing"": [""tensor_descriptor"", ""tensor_descriptor"", ""tensor_descriptor"", ""pointer"", ""pointer"", ""pointer""], ""load_eviction_policies"": ["""", ""last"", ""last"", """"], ""num_stages"": 3, ""num_warps"": 4, ""pid_type"": ""flat"", ""range_flattens"": [null], ""range_multi_buffers"": [null], ""range_num_stages"": [0], ""range_unroll_factors"": [0], ""range_warp_specializes"": [null], ""reduction_loops"": [null]}",ok,7.199999876320362,0.15475964546203613,1
softmax,SO_002,512x2048,train,2,heuristics,0,085bea581ac19295,"{""atomic_indexing"": [], ""block_sizes"": [1], ""indexing"": [""pointer"", ""pointer"", ""tensor_descriptor"", ""pointer"", ""pointer"", ""tensor_descriptor""], ""load_eviction_policies"": [""first"", """", """", """"], ""num_stages"": 4, ""num_warps"": 2, ""pid_type"": ""flat"", ""range_flattens"": [null], ""range_multi_buffers"": [null], ""range_num_stages"": [0], ""range_unroll_factors"": [0], ""range_warp_specializes"": [null], ""reduction_loops"": [null]}",ok,7.199999876320362,0.14713215827941895,1
softmax,SO_002,512x2048,train,2,heuristics,0,1267f42f328081fb,"{""atomic_indexing"": [], ""block_sizes"": [1], ""indexing"": [""pointer"", ""tensor_descriptor"", ""pointer"", ""pointer"", ""tensor_descriptor"", ""pointer""], ""load_eviction_policies"": [""last"", ""last"", """", ""last""], ""num_stages"": 1, ""num_warps"": 2, ""pid_type"": ""flat"", ""range_flattens"": [null], ""range_multi_buffers"": [null], ""range_num_stages"": [0], ""range_unroll_factors"": [0], ""range_warp_specializes"": [null], ""reduction_loops"": [null]}",ok,7.199999876320362,0.1401042938232422,1
softmax,SO_002,512x2048,train,2,heuristics,0,08179a1f017a849e,"{""atomic_indexing"": [], ""block_sizes"": [1], ""indexing"": [""pointer"", ""tensor_descriptor"", ""pointer"", ""tensor_descriptor"", ""pointer"", ""pointer""], ""load_eviction_policies"": ["""", ""first"", """", """"], ""num_stages"": 1, ""num_warps"": 2, ""pid_type"": ""flat"", ""range_flattens"": [null], ""range_multi_buffers"": [null], ""range_num_stages"": [0], ""range_unroll_factors"": [0], ""range_warp_specializes"": [null], ""reduction_loops"": [null]}",ok,7.199999876320362,0.13231801986694336,1
softmax,SO_002,512x2048,train,2,heuristics,0,4db99bd1b1fd307f,"{""atomic_indexing"": [], ""block_sizes"": [1], ""indexing"": [""tensor_descriptor"", ""pointer"", ""pointer"", ""pointer"", ""tensor_descriptor"", ""pointer""], ""load_eviction_policies"": [""first"", """", ""last"", ""last""], ""num_stages"": 1, ""num_warps"": 4, ""pid_type"": ""flat"", ""range_flattens"": [null], ""range_multi_buffers"": [null], ""range_num_stages"": [0], ""range_unroll_factors"": [0], ""range_warp_specializes"": [null], ""reduction_loops"": [null]}",ok,7.199999876320362,0.11203312873840332,1
softmax,SO_002,512x2048,train,2,heuristics,0,e9936258141334eb,"{""atomic_indexing"": [], ""block_sizes"": [1], ""indexing"": [""tensor_descriptor"", ""pointer"", ""pointer"", ""pointer"", ""pointer"", ""tensor_descriptor""], ""load_eviction_policies"": [""first"", ""first"", ""last"", ""last""], ""num_stages"": 4, ""num_warps"": 2, ""pid_type"": ""flat"", ""range_flattens"": [null], ""range_multi_buffers"": [null], ""range_num_stages"": [0], ""range_unroll_factors"": [0], ""range_warp_specializes"": [null], ""reduction_loops"": [null]}",ok,7.199999876320362,0.1043097972869873,1
softmax,SO_002,512x2048,train,2,heuristics,0,434f8e224d142a8b,"{""atomic_indexing"": [], ""block_sizes"": [1], ""indexing"": [""tensor_descriptor"", ""tensor_descriptor"", ""tensor_descriptor"", ""tensor_descriptor"", ""tensor_descriptor"", ""pointer""], ""load_eviction_policies"": ["""", ""first"", """", """"], ""num_stages"": 3, ""num_warps"": 4, ""pid_type"": ""flat"", ""range_flattens"": [null], ""range_multi_buffers"": [null], ""range_num_stages"": [0], ""range_unroll_factors"": [0], ""range_warp_specializes"": [null], ""reduction_loops"": [null]}",ok,7.199999876320362,0.09632515907287598,1
softmax,SO_002,512x2048,train,2,heuristics,0,68752d78a5f2f718,"{""atomic_indexing"": [], ""block_sizes"": [1], ""indexing"": [""pointer"", ""tensor_descriptor"", ""tensor_descriptor"", ""tensor_descriptor"", ""pointer"", ""tensor_descriptor""], ""load_eviction_policies"": ["""", """", ""last"", """"], ""num_stages"": 5, ""num_warps"": 4, ""pid_type"": ""flat"", ""range_flattens"": [null], ""range_multi_buffers"": [null], ""range_num_stages"": [0], ""range_unroll_factors"": [0], ""range_warp_specializes"": [null], ""reduction_loops"": [null]}",ok,7.199999876320362,0.08926630020141602,1
softmax,SO_002,512x2048,train,2,heuristics,0,4856eb1714f29c07,"{""atomic_indexing"": [], ""block_sizes"": [1], ""indexing"": [""pointer"", ""pointer"", ""tensor_descriptor"", ""pointer"", ""pointer"", ""pointer""], ""load_eviction_policies"": ["""", ""first"", ""last"", """"], ""num_stages"": 4, ""num_warps"": 4, ""pid_type"": ""flat"", ""range_flattens"": [null], ""range_multi_buffers"": [null], ""range_num_stages"": [0], ""range_unroll_factors"": [0], ""range_warp_specializes"": [null], ""reduction_loops"": [null]}",ok,7.199999876320362,0.08275413513183594,1
softmax,SO_002,512x2048,train,2,heuristics,0,fc018cf22ed54212,"{""atomic_indexing"": [], ""block_sizes"": [1], ""indexing"": [""pointer"", ""pointer"", ""tensor_descriptor"", ""pointer"", ""tensor_descriptor"", ""pointer""], ""load_eviction_policies"": [""first"", """", ""last"", ""last""], ""num_stages"": 5, ""num_warps"": 4, ""pid_type"": ""flat"", ""range_flattens"": [null], ""range_multi_buffers"": [null], ""range_num_stages"": [0], ""range_unroll_factors"": [0], ""range_warp_specializes"": [null], ""reduction_loops"": [null]}",ok,7.199999876320362,0.07469916343688965,1
softmax,SO_002,512x2048,train,2,heuristics,0,c74b29bb5044d66d,"{""atomic_indexing"": [], ""block_sizes"": [1], ""indexing"": [""tensor_descriptor"", ""tensor_descriptor"", ""tensor_descriptor"", ""pointer"", ""pointer"", ""pointer""], ""load_eviction_policies"": ["""", ""first"", ""first"", ""first""], ""num_stages"": 8, ""num_warps"": 1, ""pid_type"": ""flat"", ""range_flattens"": [null], ""range_multi_buffers"": [null], ""range_num_stages"": [0], ""range_unroll_factors"": [0], ""range_warp_specializes"": [null], ""reduction_loops"": [null]}",ok,7.199999876320362,0.06778645515441895,1
softmax,SO_002,512x2048,train,2,heuristics,0,4708becdd7c177b9,"{""atomic_indexing"": [], ""block_sizes"": [1], ""indexing"": [""tensor_descriptor"", ""pointer"", ""pointer"", ""pointer"", ""tensor_descriptor"", ""pointer""], ""load_eviction_policies"": ["""", ""last"", ""first"", """"], ""num_stages"": 4, ""num_warps"": 1, ""pid_type"": ""flat"", ""range_flattens"": [null], ""range_multi_buffers"": [null], ""range_num_stages"": [0], ""range_unroll_factors"": [0], ""range_warp_specializes"": [null], ""reduction_loops"": [null]}",ok,7.199999876320362,0.0604093074798584,1
softmax,SO_002,512x2048,train,2,heuristics,0,99c5aebdeea9e7c6,"{""atomic_indexing"": [], ""block_sizes"": [1], ""indexing"": [""pointer"", ""pointer"", ""tensor_descriptor"", ""pointer"", ""pointer"", ""tensor_descriptor""], ""load_eviction_policies"": ["""", ""first"", ""last"", ""first""], ""num_stages"": 6, ""num_warps"": 1, ""pid_type"": ""flat"", ""range_flattens"": [null], ""range_multi_buffers"": [null], ""range_num_stages"": [0], ""range_unroll_factors"": [0], ""range_warp_specializes"": [null], ""reduction_loops"": [null]}",ok,7.199999876320362,0.05363965034484863,1
softmax,SO_002,512x2048,train,2,heuristics,0,5fda1aeabce14faf,"{""atomic_indexing"": [], ""block_sizes"": [1], ""indexing"": [""tensor_descriptor"", ""pointer"", ""pointer"", ""pointer"", ""pointer"", ""tensor_descriptor""], ""load_eviction_policies"": [""first"", ""first"", ""first"", """"], ""num_stages"": 5, ""num_warps"": 1, ""pid_type"": ""flat"", ""range_flattens"": [null], ""range_multi_buffers"": [null], ""range_num_stages"": [0], ""range_unroll_factors"": [0], ""range_warp_specializes"": [null], ""reduction_loops"": [null]}",ok,7.199999876320362,0.045978546142578125,1
softmax,SO_002,512x2048,train,2,heuristics,0,ecba085562a0f716,"{""atomic_indexing"": [], ""block_sizes"": [1], ""indexing"": [""pointer"", ""pointer"", ""tensor_descriptor"", ""pointer"", ""tensor_descriptor"", ""tensor_descriptor""], ""load_eviction_policies"": ["""", ""last"", ""first"", """"], ""num_stages"": 5, ""num_warps"": 4, ""pid_type"": ""flat"", ""range_flattens"": [null], ""range_multi_buffers"": [null], ""range_num_stages"": [0], ""range_unroll_factors"": [0], ""range_warp_specializes"": [null], ""reduction_loops"": [null]}",ok,7.199999876320362,0.03916764259338379,1
softmax,SO_002,512x2048,train,2,heuristics,0,73ee7ebfcd167c3e,"{""atomic_indexing"": [], ""block_sizes"": [1], ""indexing"": [""pointer"", ""pointer"", ""tensor_descriptor"", ""tensor_descriptor"", ""tensor_descriptor"", ""tensor_descriptor""], ""load_eviction_policies"": [""last"", """", """", ""first""], ""num_stages"": 1, ""num_warps"": 4, ""pid_type"": ""flat"", ""range_flattens"": [null], ""range_multi_buffers"": [null], ""range_num_stages"": [0], ""range_unroll_factors"": [0], ""range_warp_specializes"": [null], ""reduction_loops"": [null]}",ok,7.199999876320362,0.032137155532836914,1
softmax,SO_002,512x2048,train,2,heuristics,0,6fa900742bf7cad2,"{""atomic_indexing"": [], ""block_sizes"": [1], ""indexing"": [""pointer"", ""tensor_descriptor"", ""pointer"", ""pointer"", ""pointer"", ""pointer""], ""load_eviction_policies"": ["""", ""first"", """", ""last""], ""num_stages"": 2, ""num_warps"": 2, ""pid_type"": ""flat"", ""range_flattens"": [null], ""range_multi_buffers"": [null], ""range_num_stages"": [0], ""range_unroll_factors"": [0], ""range_warp_specializes"": [null], ""reduction_loops"": [null]}",ok,7.199999876320362,0.03615999221801758,1
softmax,SO_002,512x2048,train,2,heuristics,0,4c8d5c71e5731ce4,"{""atomic_indexing"": [], ""block_sizes"": [1], ""indexing"": [""pointer"", ""tensor_descriptor"", ""tensor_descriptor"", ""pointer"", ""tensor_descriptor"", ""tensor_descriptor""], ""load_eviction_policies"": [""last"", ""first"", ""last"", """"], ""num_stages"": 4, ""num_warps"": 2, ""pid_type"": ""flat"", ""range_flattens"": [null], ""range_multi_buffers"": [null], ""range_num_stages"": [0], ""range_unroll_factors"": [0], ""range_warp_specializes"": [null], ""reduction_loops"": [null]}",ok,7.199999876320362,0.0319368839263916,1
softmax,SO_002,512x2048,train,2,heuristics,0,8f9244c76278f5d3,"{""atomic_indexing"": [], ""block_sizes"": [1], ""indexing"": [""pointer"", ""pointer"", ""pointer"", ""pointer"", ""pointer"", ""pointer""], ""load_eviction_policies"": ["""", """", """", """"], ""num_stages"": 1, ""num_warps"": 4, ""pid_type"": ""flat"", ""range_flattens"": [null], ""range_multi_buffers"": [null], ""range_num_stages"": [0], ""range_unroll_factors"": [0], ""range_warp_specializes"": [null], ""reduction_loops"": [null]}",ok,7.199999876320362,0.02555990219116211,1
softmax,SO_002,512x2048,train,2,heuristics,0,736883104fb84b05,"{""atomic_indexing"": [], ""block_sizes"": [8], ""indexing"": [""pointer"", ""pointer"", ""pointer"", ""pointer"", ""pointer"", ""pointer""], ""load_eviction_policies"": ["""", """", """", """"], ""num_stages"": 2, ""num_warps"": 8, ""pid_type"": ""flat"", ""range_flattens"": [null], ""range_multi_buffers"": [null], ""range_num_stages"": [0], ""range_unroll_factors"": [0], ""range_warp_specializes"": [null], ""reduction_loops"": [null]}",ok,9.247999638319016,0.03949403762817383,0
softmax,SO_002,512x2048,train,2,heuristics,0,02b40432328bb616,"{""atomic_indexing"": [], ""block_sizes"": [16], ""indexing"": [""pointer"", ""pointer"", ""pointer"", ""pointer"", ""pointer"", ""pointer""], ""load_eviction_policies"": ["""", """", """", """"], ""num_stages"": 3, ""num_warps"": 8, ""pid_type"": ""flat"", ""range_flattens"": [null], ""range_multi_buffers"": [null], ""range_num_stages"": [0], ""range_unroll_factors"": [0], ""range_warp_specializes"": [null], ""reduction_loops"": [null]}",ok,11.296000331640244,0.030909299850463867,0
softmax,SO_002,512x2048,train,2,heuristics,0,a22a4b704ac9c927,"{""atomic_indexing"": [], ""block_sizes"": [4], ""indexing"": [""pointer"", ""pointer"", ""pointer"", ""pointer"", ""pointer"", ""pointer""], ""load_eviction_policies"": ["""", """", """", """"], ""num_sm_multiplier"": 1, ""num_stages"": 2, ""num_warps"": 4, ""pid_type"": ""persistent_blocked"", ""range_flattens"": [null], ""range_multi_buffers"": [null], ""range_num_stages"": [0], ""range_unroll_factors"": [0], ""range_warp_specializes"": [null], ""reduction_loops"": [null]}",ok,7.360000163316727,0.022912979125976562,0
softmax,SO_002,512x2048,train,2,heuristics,0,db08dbbf6ad57f96,"{""atomic_indexing"": [], ""block_sizes"": [32], ""indexing"": [""tensor_descriptor"", ""tensor_descriptor"", ""tensor_descriptor"", ""tensor_descriptor"", ""tensor_descriptor"", ""tensor_descriptor""], ""load_eviction_policies"": ["""", """", """", """"], ""num_stages"": 2, ""num_warps"": 16, ""pid_type"": ""flat"", ""range_flattens"": [null], ""range_multi_buffers"": [null], ""range_num_stages"": [0], ""range_unroll_factors"": [0], ""range_warp_specializes"": [null], ""reduction_loops"": [null]}",ok,21.536000072956085,0.021244525909423828,0
softmax,SO_002,512x2048,train,2,heuristics,0,97489e6e5bb2b9e8,"{""atomic_indexing"": [], ""block_sizes"": [2], ""indexing"": [""pointer"", ""pointer"", ""pointer"", ""pointer"", ""pointer"", ""pointer""], ""load_eviction_policies"": ["""", """", """", """"], ""num_stages"": 1, ""num_warps"": 4, ""pid_type"": ""flat"", ""range_flattens"": [null], ""range_multi_buffers"": [null], ""range_num_stages"": [0], ""range_unroll_factors"": [0], ""range_warp_specializes"": [null], ""reduction_loops"": [null]}",ok,7.199999876320362,0.02206277847290039,0
softmax,SO_003,1024x1024,train,0,heuristics,0,b48181f977e3a773,"{""atomic_indexing"": [], ""block_sizes"": [16], ""indexing"": [""tensor_descriptor"", ""tensor_descriptor"", ""pointer"", ""tensor_descriptor"", ""tensor_descriptor"", ""tensor_descriptor""], ""load_eviction_policies"": [""last"", ""first"", """", ""last""], ""num_stages"": 3, ""num_warps"": 16, ""pid_type"": ""flat"", ""range_flattens"": [null], ""range_multi_buffers"": [null], ""range_num_stages"": [0], ""range_unroll_factors"": [0], ""range_warp_specializes"": [null], ""reduction_loops"": [null]}",ok,11.359999887645245,0.3419027328491211,1
softmax,SO_003,1024x1024,train,0,heuristics,0,2eaa47515491baec,"{""atomic_indexing"": [], ""block_sizes"": [4], ""indexing"": [""pointer"", ""tensor_descriptor"", ""tensor_descriptor"", ""tensor_descriptor"", ""pointer"", ""tensor_descriptor""], ""load_eviction_policies"": ["""", """", """", ""last""], ""num_stages"": 7, ""num_warps"": 4, ""pid_type"": ""flat"", ""range_flattens"": [null], ""range_multi_buffers"": [null], ""range_num_stages"": [0], ""range_unroll_factors"": [0], ""range_warp_specializes"": [null], ""reduction_loops"": [null]}",ok,7.2639998979866505,0.330519437789917,1
softmax,SO_003,1024x1024,train,0,heuristics,0,f5217d8ba28efb96,"{""atomic_indexing"": [], ""block_sizes"": [16], ""indexing"": [""pointer"", ""pointer"", ""pointer"", ""tensor_descriptor"", ""pointer"", ""pointer""], ""load_eviction_policies"": [""first"", """", ""last"", ""last""], ""num_stages"": 4, ""num_warps"": 16, ""pid_type"": ""flat"", ""range_flattens"": [null], ""range_multi_buffers"": [null], ""range_num_stages"": [0], ""range_unroll_factors"": [0], ""range_warp_specializes"": [null], ""reduction_loops"": [null]}",ok,9.247999638319016,0.319965124130249,1
softmax,SO_003,1024x1024,train,0,heuristics,0,2762deffa84c958d,"{""atomic_indexing"": [], ""block_sizes"": [16], ""indexing"": [""tensor_descriptor"", ""pointer"", ""pointer"", ""pointer"", ""pointer"", ""tensor_descriptor""], ""load_eviction_policies"": ["""", ""first"", ""last"", """"], ""num_stages"": 1, ""num_warps"": 16, ""pid_type"": ""flat"", ""range_flattens"": [null], ""range_multi_buffers"": [null], ""range_num_stages"": [0], ""range_unroll_factors"": [0], ""range_warp_specializes"": [null], ""reduction_loops"": [null]}",ok,11.264000087976456,0.31270289421081543,1
softmax,SO_003,1024x1024,train,0,heuristics,0,9075cf58f9bd030f,"{""atomic_indexing"": [], ""block_sizes"": [2], ""indexing"": [""tensor_descriptor"", ""pointer"", ""pointer"", ""tensor_descriptor"", ""pointer"", ""pointer""], ""load_eviction_policies"": [""first"", ""first"", """", """"], ""num_stages"": 5, ""num_warps"": 4, ""pid_type"": ""flat"", ""range_flattens"": [null], ""range_multi_buffers"": [null], ""range_num_stages"": [0], ""range_unroll_factors"": [0], ""range_warp_specializes"": [null], ""reduction_loops"": [null]}",ok,7.199999876320362,0.30540037155151367,1
softmax,SO_003,1024x1024,train,0,heuristics,0,737389bd6928bf84,"{""atomic_indexing"": [], ""block_sizes"": [2], ""indexing"": [""pointer"", ""tensor_descriptor"", ""pointer"", ""pointer"", ""pointer"", ""tensor_descriptor""], ""load_eviction_policies"": [""last"", """", ""first"", ""last""], ""num_stages"": 4, ""num_warps"": 4, ""pid_type"": ""flat"", ""range_flattens"": [null], ""range_multi_buffers"": [null], ""range_num_stages"": [0], ""range_unroll_factors"": [0], ""range_warp_specializes"": [null], ""reduction_loops"": [null]}",ok,7.199999876320362,0.29837512969970703,1
softmax,SO_003,1024x1024,train,0,heuristics,0,37354fe485337843,"{""atomic_indexing"": [], ""block_sizes"": [2], ""indexing"": [""pointer"", ""tensor_descriptor"", ""pointer"", ""pointer"", ""pointer"", ""pointer""], ""load_eviction_policies"": [""last"", ""last"", ""first"", ""first""], ""num_stages"": 7, ""num_warps"": 4, ""pid_type"": ""flat"", ""range_flattens"": [null], ""range_multi_buffers"": [null], ""range_num_stages"": [0], ""range_unroll_factors"": [0], ""range_warp_specializes"": [null], ""reduction_loops"": [null]}",ok,7.199999876320362,0.2914276123046875,1
softmax,SO_003,1024x1024,train,0,heuristics,0,5776fd0ad909b2f2,"{""atomic_indexing"": [], ""block_sizes"": [2], ""indexing"": [""tensor_descriptor"", ""tensor_descriptor"", ""tensor_descriptor"", ""pointer"", ""pointer"", ""pointer""], ""load_eviction_policies"": ["""", ""first"", """", ""last""], ""num_stages"": 4, ""num_warps"": 4, ""pid_type"": ""flat"", ""range_flattens"": [null], ""range_multi_buffers"": [null], ""range_num_stages"": [0], ""range_unroll_factors"": [0], ""range_warp_specializes"": [null], ""reduction_loops"": [null]}",ok,7.199999876320362,0.28418660163879395,1
softmax,SO_003,1024x1024,train,0,heuristics,0,4fbe96db09effbd2,"{""atomic_indexing"": [], ""block_sizes"": [2], ""indexing"": [""pointer"", ""pointer"", ""tensor_descriptor"", ""tensor_descriptor"", ""pointer"", ""pointer""], ""load_eviction_policies"": ["""", ""last"", ""last"", """"], ""num_stages"": 3, ""num_warps"": 4, ""pid_type"": ""flat"", ""range_flattens"": [null], ""range_multi_buffers"": [null], ""range_num_stages"": [0], ""range_unroll_factors"": [0], ""range_warp_specializes"": [null], ""reduction_loops"": [null]}",ok,7.199999876320362,0.27671313285827637,1
softmax,SO_003,1024x1024,train,0,heuristics,0,95e222b5e08b45db,"{""atomic_indexing"": [], ""block_sizes"": [1], ""indexing"": [""pointer"", ""pointer"", ""pointer"", ""pointer"", ""pointer"", ""tensor_descriptor""], ""load_eviction_policies"": ["""", ""last"", """", ""first""], ""num_stages"": 3, ""num_warps"": 4, ""pid_type"": ""flat"", ""range_flattens"": [null], ""range_multi_buffers"": [null], ""range_num_stages"": [0], ""range_unroll_factors"": [0], ""range_warp_specializes"": [null], ""reduction_loops"": [null]}",ok,7.199999876320362,0.26906633377075195,1
softmax,SO_003,1024x1024,train,0,heuristics,0,e7669f72e60d9a55,"{""atomic_indexing"": [], ""block_sizes"": [1], ""indexing"": [""tensor_descriptor"", ""pointer"", ""pointer"", ""pointer"", ""tensor_descriptor"", ""pointer""], ""load_eviction_policies"": ["""", ""first"", """", ""last""], ""num_stages"": 2, ""num_warps"": 4, ""pid_type"": ""flat"", ""range_flattens"": [null], ""range_multi_buffers"": [null], ""range_num_stages"": [0], ""range_unroll_factors"": [0], ""range_warp_specializes"": [null], ""reduction_loops"": [null]}",ok,7.199999876320362,0.26084470748901367,1
softmax,SO_003,1024x1024,train,0,heuristics,0,e808571f5d538fbe,"{""atomic_indexing"": [], ""block_sizes"": [1], ""indexing"": [""tensor_descriptor"", ""tensor_descriptor"", ""tensor_descriptor"", ""pointer"", ""pointer"", ""pointer""], ""load_eviction_policies"": ["""", ""last"", ""last"", """"], ""num_stages"": 3, ""num_warps"": 4, ""pid_type"": ""flat"", ""range_flattens"": [null], ""range_multi_buffers"": [null], ""range_num_stages"": [0], ""range_unroll_factors"": [0], ""range_warp_specializes"": [null], ""reduction_loops"": [null]}",ok,7.199999876320362,0.24170327186584473,1
softmax,SO_003,1024x1024,train,0,heuristics,0,085bea581ac19295,"{""atomic_indexing"": [], ""block_sizes"": [1], ""indexing"": [""pointer"", ""pointer"", ""tensor_descriptor"", ""pointer"", ""pointer"", ""tensor_descriptor""], ""load_eviction_policies"": [""first"", """", """", """"], ""num_stages"": 4, ""num_warps"": 2, ""pid_type"": ""flat"", ""range_flattens"": [null], ""range_multi_buffers"": [null], ""range_num_stages"": [0], ""range_unroll_factors"": [0], ""range_warp_specializes"": [null], ""reduction_loops"": [null]}",ok,7.199999876320362,0.22263145446777344,1
softmax,SO_003,1024x1024,train,0,heuristics,0,1267f42f328081fb,"{""atomic_indexing"": [], ""block_sizes"": [1], ""indexing"": [""pointer"", ""tensor_descriptor"", ""pointer"", ""pointer"", ""tensor_descriptor"", ""pointer""], ""load_eviction_policies"": [""last"", ""last"", """", ""last""], ""num_stages"": 1, ""num_warps"": 2, ""pid_type"": ""flat"", ""range_flattens"": [null], ""range_multi_buffers"": [null], ""range_num_stages"": [0], ""range_unroll_factors"": [0], ""range_warp_specializes"": [null], ""reduction_loops"": [null]}",ok,7.199999876320362,0.20346546173095703,1
softmax,SO_003,1024x1024,train,0,heuristics,0,08179a1f017a849e,"{""atomic_indexing"": [], ""block_sizes"": [1], ""indexing"": [""pointer"", ""tensor_descriptor"", ""pointer"", ""tensor_descriptor"", ""pointer"", ""pointer""], ""load_eviction_policies"": ["""", ""first"", """", """"], ""num_stages"": 1, ""num_warps"": 2, ""pid_type"": ""flat"", ""range_flattens"": [null], ""range_multi_buffers"": [null], ""range_num_stages"": [0], ""range_unroll_factors"": [0], ""range_warp_specializes"": [null], ""reduction_loops"": [null]}",ok,7.168000098317862,0.1853487491607666,1
softmax,SO_003,1024x1024,train,0,heuristics,0,4db99bd1b1fd307f,"{""atomic_indexing"": [], ""block_sizes"": [1], ""indexing"": [""tensor_descriptor"", ""pointer"", ""pointer"", ""pointer"", ""tensor_descriptor"", ""pointer""], ""load_eviction_policies"": [""first"", """", ""last"", ""last""], ""num_stages"": 1, ""num_warps"": 4, ""pid_type"": ""flat"", ""range_flattens"": [null], ""range_multi_buffers"": [null], ""range_num_stages"": [0], ""range_unroll_factors"": [0], ""range_warp_specializes"": [null], ""reduction_loops"": [null]}",ok,7.199999876320362,0.17730069160461426,1
softmax,SO_003,1024x1024,train,0,heuristics,0,e9936258141334eb,"{""atomic_indexing"": [], ""block_sizes"": [1], ""indexing"": [""tensor_descriptor"", ""pointer"", ""pointer"", ""pointer"", ""pointer"", ""tensor_descriptor""], ""load_eviction_policies"": [""first"", ""first"", ""last"", ""last""], ""num_stages"": 4, ""num_warps"": 2, ""pid_type"": ""flat"", ""range_flattens"": [null], ""range_multi_buffers"": [null], ""range_num_stages"": [0], ""range_unroll_factors"": [0], ""range_warp_specializes"": [null], ""reduction_loops"": [null]}",ok,7.199999876320362,0.16956543922424316,1
softmax,SO_003,1024x1024,train,0,heuristics,0,434f8e224d142a8b,"{""atomic_indexing"": [], ""block_sizes"": [1], ""indexing"": [""tensor_descriptor"", ""tensor_descriptor"", ""tensor_descriptor"", ""tensor_descriptor"", ""tensor_descriptor"", ""pointer""], ""load_eviction_policies"": ["""", ""first"", """", """"], ""num_stages"": 3, ""num_warps"": 4, ""pid_type"": ""flat"", ""range_flattens"": [null], ""range_multi_buffers"": [null], ""range_num_stages"": [0], ""range_unroll_factors"": [0], ""range_warp_specializes"": [null], ""reduction_loops"": [null]}",ok,7.199999876320362,0.16205596923828125,1
softmax,SO_003,1024x1024,train,0,heuristics,0,68752d78a5f2f718,"{""atomic_indexing"": [], ""block_sizes"": [1], ""indexing"": [""pointer"", ""tensor_descriptor"", ""tensor_descriptor"", ""tensor_descriptor"", ""pointer"", ""tensor_descriptor""], ""load_eviction_policies"": ["""", """", ""last"", """"], ""num_stages"": 5, ""num_warps"": 4, ""pid_type"": ""flat"", ""range_flattens"": [null], ""range_multi_buffers"": [null], ""range_num_stages"": [0], ""range_unroll_factors"": [0], ""range_warp_specializes"": [null], ""reduction_loops"": [null]}",ok,7.199999876320362,0.1541304588317871,1
softmax,SO_003,1024x1024,train,0,heuristics,0,4856eb1714f29c07,"{""atomic_indexing"": [], ""block_sizes"": [1], ""indexing"": [""pointer"", ""pointer"", ""tensor_descriptor"", ""pointer"", ""pointer"", ""pointer""], ""load_eviction_policies"": ["""", ""first"", ""last"", """"], ""num_stages"": 4, ""num_warps"": 4, ""pid_type"": ""flat"", ""range_flattens"": [null], ""range_multi_buffers"": [null], ""range_num_stages"": [0], ""range_unroll_factors"": [0], ""range_warp_specializes"": [null], ""reduction_loops"": [null]}",ok,7.199999876320362,0.14921188354492188,1
softmax,SO_003,1024x1024,train,0,heuristics,0,fc018cf22ed54212,"{""atomic_indexing"": [], ""block_sizes"": [1], ""indexing"": [""pointer"", ""pointer"", ""tensor_descriptor"", ""pointer"", ""tensor_descriptor"", ""pointer""], ""load_eviction_policies"": [""first"", """", ""last"", ""last""], ""num_stages"": 5, ""num_warps"": 4, ""pid_type"": ""flat"", ""range_flattens"": [null], ""range_multi_buffers"": [null], ""range_num_stages"": [0], ""range_unroll_factors"": [0], ""range_warp_specializes"": [null], ""reduction_loops"": [null]}",ok,7.199999876320362,0.14924097061157227,1
softmax,SO_003,1024x1024,train,0,heuristics,0,c74b29bb5044d66d,"{""atomic_indexing"": [], ""block_sizes"": [1], ""indexing"": [""tensor_descriptor"", ""tensor_descriptor"", ""tensor_descriptor"", ""pointer"", ""pointer"", ""pointer""], ""load_eviction_policies"": ["""", ""first"", ""first"", ""first""], ""num_stages"": 8, ""num_warps"": 1, ""pid_type"": ""flat"", ""range_flattens"": [null], ""range_multi_buffers"": [null], ""range_num_stages"": [0], ""range_unroll_factors"": [0], ""range_warp_specializes"": [null], ""reduction_loops"": [null]}",ok,7.199999876320362,0.23611044883728027,1
softmax,SO_003,1024x1024,train,0,heuristics,0,4708becdd7c177b9,"{""atomic_indexing"": [], ""block_sizes"": [1], ""indexing"": [""tensor_descriptor"", ""pointer"", ""pointer"", ""pointer"", ""tensor_descriptor"", ""pointer""], ""load_eviction_policies"": ["""", ""last"", ""first"", """"], ""num_stages"": 4, ""num_warps"": 1, ""pid_type"": ""flat"", ""range_flattens"": [null], ""range_multi_buffers"": [null], ""range_num_stages"": [0], ""range_unroll_factors"": [0], ""range_warp_specializes"": [null], ""reduction_loops"": [null]}",ok,7.199999876320362,0.2289278507232666,1
softmax,SO_003,1024x1024,train,0,heuristics,0,99c5aebdeea9e7c6,"{""atomic_indexing"": [], ""block_sizes"": [1], ""indexing"": [""pointer"", ""pointer"", ""tensor_descriptor"", ""pointer"", ""pointer"", ""tensor_descriptor""], ""load_eviction_policies"": ["""", ""first"", ""last"", ""first""], ""num_stages"": 6, ""num_warps"": 1, ""pid_type"": ""flat"", ""range_flattens"": [null], ""range_multi_buffers"": [null], ""range_num_stages"": [0], ""range_unroll_factors"": [0], ""range_warp_specializes"": [null], ""reduction_loops"": [null]}",ok,7.199999876320362,0.22260189056396484,1
softmax,SO_003,1024x1024,train,0,heuristics,0,5fda1aeabce14faf,"{""atomic_indexing"": [], ""block_sizes"": [1], ""indexing"": [""tensor_descriptor"", ""pointer"", ""pointer"", ""pointer"", ""pointer"", ""tensor_descriptor""], ""load_eviction_policies"": [""first"", ""first"", ""first"", """"], ""num_stages"": 5, ""num_warps"": 1, ""pid_type"": ""flat"", ""range_flattens"": [null], ""range_multi_buffers"": [null], ""range_num_stages"": [0], ""range_unroll_factors"": [0], ""range_warp_specializes"": [null], ""reduction_loops"": [null]}",ok,7.199999876320362,0.22359347343444824,1
softmax,SO_003,1024x1024,train,0,heuristics,0,ecba085562a0f716,"{""atomic_indexing"": [], ""block_sizes"": [1], ""indexing"": [""pointer"", ""pointer"", ""tensor_descriptor"", ""pointer"", ""tensor_descriptor"", ""tensor_descriptor""], ""load_eviction_policies"": ["""", ""last"", ""first"", """"], ""num_stages"": 5, ""num_warps"": 4, ""pid_type"": ""flat"", ""range_flattens"": [null], ""range_multi_buffers"": [null], ""range_num_stages"": [0], ""range_unroll_factors"": [0], ""range_warp_specializes"": [null], ""reduction_loops"": [null]}",ok,7.199999876320362,0.14678525924682617,1
softmax,SO_003,1024x1024,train,0,heuristics,0,73ee7ebfcd167c3e,"{""atomic_indexing"": [], ""block_sizes"": [1], ""indexing"": [""pointer"", ""pointer"", ""tensor_descriptor"", ""tensor_descriptor"", ""tensor_descriptor"", ""tensor_descriptor""], ""load_eviction_policies"": [""last"", """", """", ""first""], ""num_stages"": 1, ""num_warps"": 4, ""pid_type"": ""flat"", ""range_flattens"": [null], ""range_multi_buffers"": [null], ""range_num_stages"": [0], ""range_unroll_factors"": [0], ""range_warp_specializes"": [null], ""reduction_loops"": [null]}",ok,7.199999876320362,0.06198620796203613,1
softmax,SO_003,1024x1024,train,0,heuristics,0,6fa900742bf7cad2,"{""atomic_indexing"": [], ""block_sizes"": [1], ""indexing"": [""pointer"", ""tensor_descriptor"", ""pointer"", ""pointer"", ""pointer"", ""pointer""], ""load_eviction_policies"": ["""", ""first"", """", ""last""], ""num_stages"": 2, ""num_warps"": 2, ""pid_type"": ""flat"", ""range_flattens"": [null], ""range_multi_buffers"": [null], ""range_num_stages"": [0], ""range_unroll_factors"": [0], ""range_warp_specializes"": [null], ""reduction_loops"": [null]}",ok,7.199999876320362,0.18079280853271484,1
softmax,SO_003,1024x1024,train,0,heuristics,0,4c8d5c71e5731ce4,"{""atomic_indexing"": [], ""block_sizes"": [1], ""indexing"": [""pointer"", ""tensor_descriptor"", ""tensor_descriptor"", ""pointer"", ""tensor_descriptor"", ""tensor_descriptor""], ""load_eviction_policies"": [""last"", ""first"", ""last"", """"], ""num_stages"": 4, ""num_warps"": 2, ""pid_type"": ""flat"", ""range_flattens"": [null], ""range_multi_buffers"": [null], ""range_num_stages"": [0], ""range_unroll_factors"": [0], ""range_warp_specializes"": [null], ""reduction_loops"": [null]}",ok,7.199999876320362,0.04575061798095703,1
softmax,SO_003,1024x1024,train,0,heuristics,0,8f9244c76278f5d3,"{""atomic_indexing"": [], ""block_sizes"": [1], ""indexing"": [""pointer"", ""pointer"", ""pointer"", ""pointer"", ""pointer"", ""pointer""], ""load_eviction_policies"": ["""", """", """", """"], ""num_stages"": 1, ""num_warps"": 4, ""pid_type"": ""flat"", ""range_flattens"": [null], ""range_multi_buffers"": [null], ""range_num_stages"": [0], ""range_unroll_factors"": [0], ""range_warp_specializes"": [null], ""reduction_loops"": [null]}",ok,7.199999876320362,0.04440641403198242,1
softmax,SO_003,1024x1024,train,0,heuristics,0,0ce0045a1bde48e6,"{""atomic_indexing"": [], ""block_sizes"": [4], ""indexing"": [""pointer"", ""pointer"", ""pointer"", ""pointer"", ""pointer"", ""pointer""], ""load_eviction_policies"": ["""", """", """", """"], ""num_stages"": 1, ""num_warps"": 4, ""pid_type"": ""flat"", ""range_flattens"": [null], ""range_multi_buffers"": [null], ""range_num_stages"": [0], ""range_unroll_factors"": [0], ""range_warp_specializes"": [null], ""reduction_loops"": [null]}",ok,7.23200011998415,0.07150149345397949,0
softmax,SO_003,1024x1024,train,0,heuristics,0,736883104fb84b05,"{""atomic_indexing"": [], ""block_sizes"": [8], ""indexing"": [""pointer"", ""pointer"", ""pointer"", ""pointer"", ""pointer"", ""pointer""], ""load_eviction_policies"": ["""", """", """", """"], ""num_stages"": 2, ""num_warps"": 8, ""pid_type"": ""flat"", ""range_flattens"": [null], ""range_multi_buffers"": [null], ""range_num_stages"": [0], ""range_unroll_factors"": [0], ""range_warp_specializes"": [null], ""reduction_loops"": [null]}",ok,7.23200011998415,0.05263400077819824,0
softmax,SO_003,1024x1024,train,0,heuristics,0,02b40432328bb616,"{""atomic_indexing"": [], ""block_sizes"": [16], ""indexing"": [""pointer"", ""pointer"", ""pointer"", ""pointer"", ""pointer"", ""pointer""], ""load_eviction_policies"": ["""", """", """", """"], ""num_stages"": 3, ""num_warps"": 8, ""pid_type"": ""flat"", ""range_flattens"": [null], ""range_multi_buffers"": [null], ""range_num_stages"": [0], ""range_unroll_factors"": [0], ""range_warp_specializes"": [null], ""reduction_loops"": [null]}",ok,9.216000325977802,0.03430676460266113,0
softmax,SO_003,1024x1024,train,0,heuristics,0,b85c60976d15238f,"{""atomic_indexing"": [], ""block_sizes"": [2], ""indexing"": [""tensor_descriptor"", ""tensor_descriptor"", ""tensor_descriptor"", ""tensor_descriptor"", ""tensor_descriptor"", ""tensor_descriptor""], ""load_eviction_policies"": ["""", """", """", """"], ""num_stages"": 1, ""num_warps"": 4, ""pid_type"": ""flat"", ""range_flattens"": [null], ""range_multi_buffers"": [null], ""range_num_stages"": [0], ""range_unroll_factors"": [0], ""range_warp_specializes"": [null], ""reduction_loops"": [null]}",ok,7.199999876320362,0.027434587478637695,0
softmax,SO_003,1024x1024,train,0,heuristics,0,2cc4802b2e676511,"{""atomic_indexing"": [], ""block_sizes"": [32], ""indexing"": [""pointer"", ""pointer"", ""pointer"", ""pointer"", ""pointer"", ""pointer""], ""load_eviction_policies"": ["""", """", """", """"], ""num_sm_multiplier"": 1, ""num_stages"": 2, ""num_warps"": 16, ""pid_type"": ""persistent_interleaved"", ""range_flattens"": [null], ""range_multi_buffers"": [null], ""range_num_stages"": [0], ""range_unroll_factors"": [0], ""range_warp_specializes"": [null], ""reduction_loops"": [null]}",ok,11.296000331640244,0.3448755741119385,0
softmax,SO_003,1024x1024,train,1,heuristics,0,b48181f977e3a773,"{""atomic_indexing"": [], ""block_sizes"": [16], ""indexing"": [""tensor_descriptor"", ""tensor_descriptor"", ""pointer"", ""tensor_descriptor"", ""tensor_descriptor"", ""tensor_descriptor""], ""load_eviction_policies"": [""last"", ""first"", """", ""last""], ""num_stages"": 3, ""num_warps"": 16, ""pid_type"": ""flat"", ""range_flattens"": [null], ""range_multi_buffers"": [null], ""range_num_stages"": [0], ""range_unroll_factors"": [0], ""range_warp_specializes"": [null], ""reduction_loops"": [null]}",ok,11.359999887645245,0.2973194122314453,1
softmax,SO_003,1024x1024,train,1,heuristics,0,2eaa47515491baec,"{""atomic_indexing"": [], ""block_sizes"": [4], ""indexing"": [""pointer"", ""tensor_descriptor"", ""tensor_descriptor"", ""tensor_descriptor"", ""pointer"", ""tensor_descriptor""], ""load_eviction_policies"": ["""", """", """", ""last""], ""num_stages"": 7, ""num_warps"": 4, ""pid_type"": ""flat"", ""range_flattens"": [null], ""range_multi_buffers"": [null], ""range_num_stages"": [0], ""range_unroll_factors"": [0], ""range_warp_specializes"": [null], ""reduction_loops"": [null]}",ok,7.23200011998415,0.279055118560791,1
softmax,SO_003,1024x1024,train,1,heuristics,0,f5217d8ba28efb96,"{""atomic_indexing"": [], ""block_sizes"": [16], ""indexing"": [""pointer"", ""pointer"", ""pointer"", ""tensor_descriptor"", ""pointer"", ""pointer""], ""load_eviction_policies"": [""first"", """", ""last"", ""last""], ""num_stages"": 4, ""num_warps"": 16, ""pid_type"": ""flat"", ""range_flattens"": [null], ""range_multi_buffers"": [null], ""range_num_stages"": [0], ""range_unroll_factors"": [0], ""range_warp_specializes"": [null], ""reduction_loops"": [null]}",ok,9.247999638319016,0.26184654235839844,1
softmax,SO_003,1024x1024,train,1,heuristics,0,2762deffa84c958d,"{""atomic_indexing"": [], ""block_sizes"": [16], ""indexing"": [""tensor_descriptor"", ""pointer"", ""pointer"", ""pointer"", ""pointer"", ""tensor_descriptor""], ""load_eviction_policies"": ["""", ""first"", ""last"", """"], ""num_stages"": 1, ""num_warps"": 16, ""pid_type"": ""flat"", ""range_flattens"": [null], ""range_multi_buffers"": [null], ""range_num_stages"": [0], ""range_unroll_factors"": [0], ""range_warp_specializes"": [null], ""reduction_loops"": [null]}",ok,11.264000087976456,0.25496363639831543,1
softmax,SO_003,1024x1024,train,1,heuristics,0,9075cf58f9bd030f,"{""atomic_indexing"": [], ""block_sizes"": [2], ""indexing"": [""tensor_descriptor"", ""pointer"", ""pointer"", ""tensor_descriptor"", ""pointer"", ""pointer""], ""load_eviction_policies"": [""first"", ""first"", """", """"], ""num_stages"": 5, ""num_warps"": 4, ""pid_type"": ""flat"", ""range_flattens"": [null], ""range_multi_buffers"": [null], ""range_num_stages"": [0], ""range_unroll_factors"": [0], ""range_warp_specializes"": [null], ""reduction_loops"": [null]}",ok,7.199999876320362,0.2471156120300293,1
softmax,SO_003,1024x1024,train,1,heuristics,0,737389bd6928bf84,"{""atomic_indexing"": [], ""block_sizes"": [2], ""indexing"": [""pointer"", ""tensor_descriptor"", ""pointer"", ""pointer"", ""pointer"", ""tensor_descriptor""], ""load_eviction_policies"": [""last"", """", ""first"", ""last""], ""num_stages"": 4, ""num_warps"": 4, ""pid_type"": ""flat"", ""range_flattens"": [null], ""range_multi_buffers"": [null], ""range_num_stages"": [0], ""range_unroll_factors"": [0], ""range_warp_specializes"": [null], ""reduction_loops"": [null]}",ok,7.199999876320362,0.2387404441833496,1
softmax,SO_003,1024x1024,train,1,heuristics,0,37354fe485337843,"{""atomic_indexing"": [], ""block_sizes"": [2], ""indexing"": [""pointer"", ""tensor_descriptor"", ""pointer"", ""pointer"", ""pointer"", ""pointer""], ""load_eviction_policies"": [""last"", ""last"", ""first"", ""first""], ""num_stages"": 7, ""num_warps"": 4, ""pid_type"": ""flat"", ""range_flattens"": [null], ""range_multi_buffers"": [null], ""range_num_stages"": [0], ""range_unroll_factors"": [0], ""range_warp_specializes"": [null], ""reduction_loops"": [null]}",ok,7.199999876320362,0.2294013500213623,1
softmax,SO_003,1024x1024,train,1,heuristics,0,5776fd0ad909b2f2,"{""atomic_indexing"": [], ""block_sizes"": [2], ""indexing"": [""tensor_descriptor"", ""tensor_descriptor"", ""tensor_descriptor"", ""pointer"", ""pointer"", ""pointer""], ""load_eviction_policies"": ["""", ""first"", """", ""last""], ""num_stages"": 4, ""num_warps"": 4, ""pid_type"": ""flat"", ""range_flattens"": [null], ""range_multi_buffers"": [null], ""range_num_stages"": [0], ""range_unroll_factors"": [0], ""range_warp_specializes"": [null], ""reduction_loops"": [null]}",ok,7.199999876320362,0.22233247756958008,1
softmax,SO_003,1024x1024,train,1,heuristics,0,4fbe96db09effbd2,"{""atomic_indexing"": [], ""block_sizes"": [2], ""indexing"": [""pointer"", ""pointer"", ""tensor_descriptor"", ""tensor_descriptor"", ""pointer"", ""pointer""], ""load_eviction_policies"": ["""", ""last"", ""last"", """"], ""num_stages"": 3, ""num_warps"": 4, ""pid_type"": ""flat"", ""range_flattens"": [null], ""range_multi_buffers"": [null], ""range_num_stages"": [0], ""range_unroll_factors"": [0], ""range_warp_specializes"": [null], ""reduction_loops"": [null]}",ok,7.199999876320362,0.2148759365081787,1
softmax,SO_003,1024x1024,train,1,heuristics,0,95e222b5e08b45db,"{""atomic_indexing"": [], ""block_sizes"": [1], ""indexing"": [""pointer"", ""pointer"", ""pointer"", ""pointer"", ""pointer"", ""tensor_descriptor""], ""load_eviction_policies"": ["""", ""last"", """", ""first""], ""num_stages"": 3, ""num_warps"": 4, ""pid_type"": ""flat"", ""range_flattens"": [null], ""range_multi_buffers"": [null], ""range_num_stages"": [0], ""range_unroll_factors"": [0], ""range_warp_specializes"": [null], ""reduction_loops"": [null]}",ok,7.199999876320362,0.20763874053955078,1
softmax,SO_003,1024x1024,train,1,heuristics,0,e7669f72e60d9a55,"{""atomic_indexing"": [], ""block_sizes"": [1], ""indexing"": [""tensor_descriptor"", ""pointer"", ""pointer"", ""pointer"", ""tensor_descriptor"", ""pointer""], ""load_eviction_policies"": ["""", ""first"", """", ""last""], ""num_stages"": 2, ""num_warps"": 4, ""pid_type"": ""flat"", ""range_flattens"": [null], ""range_multi_buffers"": [null], ""range_num_stages"": [0], ""range_unroll_factors"": [0], ""range_warp_specializes"": [null], ""reduction_loops"": [null]}",ok,7.199999876320362,0.19968676567077637,1
softmax,SO_003,1024x1024,train,1,heuristics,0,e808571f5d538fbe,"{""atomic_indexing"": [], ""block_sizes"": [1], ""indexing"": [""tensor_descriptor"", ""tensor_descriptor"", ""tensor_descriptor"", ""pointer"", ""pointer"", ""pointer""], ""load_eviction_policies"": ["""", ""last"", ""last"", """"], ""num_stages"": 3, ""num_warps"": 4, ""pid_type"": ""flat"", ""range_flattens"": [null], ""range_multi_buffers"": [null], ""range_num_stages"": [0], ""range_unroll_factors"": [0], ""range_warp_specializes"": [null], ""reduction_loops"": [null]}",ok,7.199999876320362,0.19128155708312988,1
softmax,SO_003,1024x1024,train,1,heuristics,0,085bea581ac19295,"{""atomic_indexing"": [], ""block_sizes"": [1], ""indexing"": [""pointer"", ""pointer"", ""tensor_descriptor"", ""pointer"", ""pointer"", ""tensor_descriptor""], ""load_eviction_policies"": [""first"", """", """", """"], ""num_stages"": 4, ""num_warps"": 2, ""pid_type"": ""flat"", ""range_flattens"": [null], ""range_multi_buffers"": [null], ""range_num_stages"": [0], ""range_unroll_factors"": [0], ""range_warp_specializes"": [null], ""reduction_loops"": [null]}",ok,7.199999876320362,0.18189430236816406,1
softmax,SO_003,1024x1024,train,1,heuristics,0,1267f42f328081fb,"{""atomic_indexing"": [], ""block_sizes"": [1], ""indexing"": [""pointer"", ""tensor_descriptor"", ""pointer"", ""pointer"", ""tensor_descriptor"", ""pointer""], ""load_eviction_policies"": [""last"", ""last"", """", ""last""], ""num_stages"": 1, ""num_warps"": 2, ""pid_type"": ""flat"", ""range_flattens"": [null], ""range_multi_buffers"": [null], ""range_num_stages"": [0], ""range_unroll_factors"": [0], ""range_warp_specializes"": [null], ""reduction_loops"": [null]}",ok,7.199999876320362,0.16383576393127441,1
softmax,SO_003,1024x1024,train,1,heuristics,0,08179a1f017a849e,"{""atomic_indexing"": [], ""block_sizes"": [1], ""indexing"": [""pointer"", ""tensor_descriptor"", ""pointer"", ""tensor_descriptor"", ""pointer"", ""pointer""], ""load_eviction_policies"": ["""", ""first"", """", """"], ""num_stages"": 1, ""num_warps"": 2, ""pid_type"": ""flat"", ""range_flattens"": [null], ""range_multi_buffers"": [null], ""range_num_stages"": [0], ""range_unroll_factors"": [0], ""range_warp_specializes"": [null], ""reduction_loops"": [null]}",ok,7.199999876320362,0.15547609329223633,1
softmax,SO_003,1024x1024,train,1,heuristics,0,4db99bd1b1fd307f,"{""atomic_indexing"": [], ""block_sizes"": [1], ""indexing"": [""tensor_descriptor"", ""pointer"", ""pointer"", ""pointer"", ""tensor_descriptor"", ""pointer""], ""load_eviction_policies"": [""first"", """", ""last"", ""last""], ""num_stages"": 1, ""num_warps"": 4, ""pid_type"": ""flat"", ""range_flattens"": [null], ""range_multi_buffers"": [null], ""range_num_stages"": [0], ""range_unroll_factors"": [0], ""range_warp_specializes"": [null], ""reduction_loops"": [null]}",ok,7.199999876320362,0.14791035652160645,1
softmax,SO_003,1024x1024,train,1,heuristics,0,e9936258141334eb,"{""atomic_indexing"": [], ""block_sizes"": [1], ""indexing"": [""tensor_descriptor"", ""pointer"", ""pointer"", ""pointer"", ""pointer"", ""tensor_descriptor""], ""load_eviction_policies"": [""first"", ""first"", ""last"", ""last""], ""num_stages"": 4, ""num_warps"": 2, ""pid_type"": ""flat"", ""range_flattens"": [null], ""range_multi_buffers"": [null], ""range_num_stages"": [0], ""range_unroll_factors"": [0], ""range_warp_specializes"": [null], ""reduction_loops"": [null]}",ok,7.199999876320362,0.1399245262145996,1
softmax,SO_003,1024x1024,train,1,heuristics,0,434f8e224d142a8b,"{""atomic_indexing"": [], ""block_sizes"": [1], ""indexing"": [""tensor_descriptor"", ""tensor_descriptor"", ""tensor_descriptor"", ""tensor_descriptor"", ""tensor_descriptor"", ""pointer""], ""load_eviction_policies"": ["""", ""first"", """", """"], ""num_stages"": 3, ""num_warps"": 4, ""pid_type"": ""flat"", ""range_flattens"": [null], ""range_multi_buffers"": [null], ""range_num_stages"": [0], ""range_unroll_factors"": [0], ""range_warp_specializes"": [null], ""reduction_loops"": [null]}",ok,7.199999876320362,0.13245320320129395,1
softmax,SO_003,1024x1024,train,1,heuristics,0,68752d78a5f2f718,"{""atomic_indexing"": [], ""block_sizes"": [1], ""indexing"": [""pointer"", ""tensor_descriptor"", ""tensor_descriptor"", ""tensor_descriptor"", ""pointer"", ""tensor_descriptor""], ""load_eviction_policies"": ["""", """", ""last"", """"], ""num_stages"": 5, ""num_warps"": 4, ""pid_type"": ""flat"", ""range_flattens"": [null], ""range_multi_buffers"": [null], ""range_num_stages"": [0], ""range_unroll_factors"": [0], ""range_warp_specializes"": [null], ""reduction_loops"": [null]}",ok,7.199999876320362,0.12430644035339355,1
softmax,SO_003,1024x1024,train,1,heuristics,0,4856eb1714f29c07,"{""atomic_indexing"": [], ""block_sizes"": [1], ""indexing"": [""pointer"", ""pointer"", ""tensor_descriptor"", ""pointer"", ""pointer"", ""pointer""], ""load_eviction_policies"": ["""", ""first"", ""last"", """"], ""num_stages"": 4, ""num_warps"": 4, ""pid_type"": ""flat"", ""range_flattens"": [null], ""range_multi_buffers"": [null], ""range_num_stages"": [0], ""range_unroll_factors"": [0], ""range_warp_specializes"": [null], ""reduction_loops"": [null]}",ok,7.168000098317862,0.11483454704284668,1
softmax,SO_003,1024x1024,train,1,heuristics,0,fc018cf22ed54212,"{""atomic_indexing"": [], ""block_sizes"": [1], ""indexing"": [""pointer"", ""pointer"", ""tensor_descriptor"", ""pointer"", ""tensor_descriptor"", ""pointer""], ""load_eviction_policies"": [""first"", """", ""last"", ""last""], ""num_stages"": 5, ""num_warps"": 4, ""pid_type"": ""flat"", ""range_flattens"": [null], ""range_multi_buffers"": [null], ""range_num_stages"": [0], ""range_unroll_factors"": [0], ""range_warp_specializes"": [null], ""reduction_loops"": [null]}",ok,7.199999876320362,0.09927177429199219,1
softmax,SO_003,1024x1024,train,1,heuristics,0,c74b29bb5044d66d,"{""atomic_indexing"": [], ""block_sizes"": [1], ""indexing"": [""tensor_descriptor"", ""tensor_descriptor"", ""tensor_descriptor"", ""pointer"", ""pointer"", ""pointer""], ""load_eviction_policies"": ["""", ""first"", ""first"", ""first""], ""num_stages"": 8, ""num_warps"": 1, ""pid_type"": ""flat"", ""range_flattens"": [null], ""range_multi_buffers"": [null], ""range_num_stages"": [0], ""range_unroll_factors"": [0], ""range_warp_specializes"": [null], ""reduction_loops"": [null]}",ok,7.199999876320362,0.0914773941040039,1
softmax,SO_003,1024x1024,train,1,heuristics,0,4708becdd7c177b9,"{""atomic_indexing"": [], ""block_sizes"": [1], ""indexing"": [""tensor_descriptor"", ""pointer"", ""pointer"", ""pointer"", ""tensor_descriptor"", ""pointer""], ""load_eviction_policies"": ["""", ""last"", ""first"", """"], ""num_stages"": 4, ""num_warps"": 1, ""pid_type"": ""flat"", ""range_flattens"": [null], ""range_multi_buffers"": [null], ""range_num_stages"": [0], ""range_unroll_factors"": [0], ""range_warp_specializes"": [null], ""reduction_loops"": [null]}",ok,7.199999876320362,0.08065962791442871,1
softmax,SO_003,1024x1024,train,1,heuristics,0,99c5aebdeea9e7c6,"{""atomic_indexing"": [], ""block_sizes"": [1], ""indexing"": [""pointer"", ""pointer"", ""tensor_descriptor"", ""pointer"", ""pointer"", ""tensor_descriptor""], ""load_eviction_policies"": ["""", ""first"", ""last"", ""first""], ""num_stages"": 6, ""num_warps"": 1, ""pid_type"": ""flat"", ""range_flattens"": [null], ""range_multi_buffers"": [null], ""range_num_stages"": [0], ""range_unroll_factors"": [0], ""range_warp_specializes"": [null], ""reduction_loops"": [null]}",ok,7.199999876320362,0.06534719467163086,1
softmax,SO_003,1024x1024,train,1,heuristics,0,5fda1aeabce14faf,"{""atomic_indexing"": [], ""block_sizes"": [1], ""indexing"": [""tensor_descriptor"", ""pointer"", ""pointer"", ""pointer"", ""pointer"", ""tensor_descriptor""], ""load_eviction_policies"": [""first"", ""first"", ""first"", """"], ""num_stages"": 5, ""num_warps"": 1, ""pid_type"": ""flat"", ""range_flattens"": [null], ""range_multi_buffers"": [null], ""range_num_stages"": [0], ""range_unroll_factors"": [0], ""range_warp_specializes"": [null], ""reduction_loops"": [null]}",ok,7.199999876320362,0.05694437026977539,1
softmax,SO_003,1024x1024,train,1,heuristics,0,ecba085562a0f716,"{""atomic_indexing"": [], ""block_sizes"": [1], ""indexing"": [""pointer"", ""pointer"", ""tensor_descriptor"", ""pointer"", ""tensor_descriptor"", ""tensor_descriptor""], ""load_eviction_policies"": ["""", ""last"", ""first"", """"], ""num_stages"": 5, ""num_warps"": 4, ""pid_type"": ""flat"", ""range_flattens"": [null], ""range_multi_buffers"": [null], ""range_num_stages"": [0], ""range_unroll_factors"": [0], ""range_warp_specializes"": [null], ""reduction_loops"": [null]}",ok,7.199999876320362,0.03858304023742676,1
softmax,SO_003,1024x1024,train,1,heuristics,0,73ee7ebfcd167c3e,"{""atomic_indexing"": [], ""block_sizes"": [1], ""indexing"": [""pointer"", ""pointer"", ""tensor_descriptor"", ""tensor_descriptor"", ""tensor_descriptor"", ""tensor_descriptor""], ""load_eviction_policies"": [""last"", """", """", ""first""], ""num_stages"": 1, ""num_warps"": 4, ""pid_type"": ""flat"", ""range_flattens"": [null], ""range_multi_buffers"": [null], ""range_num_stages"": [0], ""range_unroll_factors"": [0], ""range_warp_specializes"": [null], ""reduction_loops"": [null]}",ok,7.199999876320362,0.030858516693115234,1
softmax,SO_003,1024x1024,train,1,heuristics,0,6fa900742bf7cad2,"{""atomic_indexing"": [], ""block_sizes"": [1], ""indexing"": [""pointer"", ""tensor_descriptor"", ""pointer"", ""pointer"", ""pointer"", ""pointer""], ""load_eviction_policies"": ["""", ""first"", """", ""last""], ""num_stages"": 2, ""num_warps"": 2, ""pid_type"": ""flat"", ""range_flattens"": [null], ""range_multi_buffers"": [null], ""range_num_stages"": [0], ""range_unroll_factors"": [0], ""range_warp_specializes"": [null], ""reduction_loops"": [null]}",ok,7.199999876320362,0.023462772369384766,1
softmax,SO_003,1024x1024,train,1,heuristics,0,4c8d5c71e5731ce4,"{""atomic_indexing"": [], ""block_sizes"": [1], ""indexing"": [""pointer"", ""tensor_descriptor"", ""tensor_descriptor"", ""pointer"", ""tensor_descriptor"", ""tensor_descriptor""], ""load_eviction_policies"": [""last"", ""first"", ""last"", """"], ""num_stages"": 4, ""num_warps"": 2, ""pid_type"": ""flat"", ""range_flattens"": [null], ""range_multi_buffers"": [null], ""range_num_stages"": [0], ""range_unroll_factors"": [0], ""range_warp_specializes"": [null], ""reduction_loops"": [null]}",ok,7.199999876320362,0.02248072624206543,1
softmax,SO_003,1024x1024,train,1,heuristics,0,8f9244c76278f5d3,"{""atomic_indexing"": [], ""block_sizes"": [1], ""indexing"": [""pointer"", ""pointer"", ""pointer"", ""pointer"", ""pointer"", ""pointer""], ""load_eviction_policies"": ["""", """", """", """"], ""num_stages"": 1, ""num_warps"": 4, ""pid_type"": ""flat"", ""range_flattens"": [null], ""range_multi_buffers"": [null], ""range_num_stages"": [0], ""range_unroll_factors"": [0], ""range_warp_specializes"": [null], ""reduction_loops"": [null]}",ok,7.199999876320362,0.021823883056640625,1
softmax,SO_003,1024x1024,train,1,heuristics,0,6d9e39170044cf11,"{""atomic_indexing"": [], ""block_sizes"": [8], ""indexing"": [""pointer"", ""pointer"", ""pointer"", ""pointer"", ""pointer"", ""pointer""], ""load_eviction_policies"": ["""", """", """", """"], ""num_stages"": 1, ""num_warps"": 4, ""pid_type"": ""flat"", ""range_flattens"": [null], ""range_multi_buffers"": [null], ""range_num_stages"": [0], ""range_unroll_factors"": [0], ""range_warp_specializes"": [null], ""reduction_loops"": [null]}",ok,9.151999838650227,0.03515958786010742,0
softmax,SO_003,1024x1024,train,1,heuristics,0,a1a2a48616d6c8b8,"{""atomic_indexing"": [], ""block_sizes"": [16], ""indexing"": [""pointer"", ""pointer"", ""pointer"", ""pointer"", ""pointer"", ""pointer""], ""load_eviction_policies"": ["""", """", """", """"], ""num_stages"": 2, ""num_warps"": 8, ""pid_type"": ""flat"", ""range_flattens"": [null], ""range_multi_buffers"": [null], ""range_num_stages"": [0], ""range_unroll_factors"": [0], ""range_warp_specializes"": [null], ""reduction_loops"": [null]}",ok,9.216000325977802,0.027996301651000977,0
softmax,SO_003,1024x1024,train,1,heuristics,0,99f1fe04f31b0dd1,"{""atomic_indexing"": [], ""block_sizes"": [32], ""indexing"": [""pointer"", ""pointer"", ""pointer"", ""pointer"", ""pointer"", ""pointer""], ""load_eviction_policies"": ["""", """", """", """"], ""num_sm_multiplier"": 1, ""num_stages"": 3, ""num_warps"": 8, ""pid_type"": ""persistent_blocked"", ""range_flattens"": [null], ""range_multi_buffers"": [null], ""range_num_stages"": [0], ""range_unroll_factors"": [0], ""range_warp_specializes"": [null], ""reduction_loops"": [null]}",ok,11.296000331640244,0.02396535873413086,0
softmax,SO_003,1024x1024,train,1,heuristics,0,5795b7ab83aaef48,"{""atomic_indexing"": [], ""block_sizes"": [4], ""indexing"": [""tensor_descriptor"", ""tensor_descriptor"", ""tensor_descriptor"", ""tensor_descriptor"", ""tensor_descriptor"", ""tensor_descriptor""], ""load_eviction_policies"": ["""", """", """", """"], ""num_stages"": 1, ""num_warps"": 4, ""pid_type"": ""flat"", ""range_flattens"": [null], ""range_multi_buffers"": [null], ""range_num_stages"": [0], ""range_unroll_factors"": [0], ""range_warp_specializes"": [null], ""reduction_loops"": [null]}",ok,7.23200011998415,0.0221102237701416,0
softmax,SO_003,1024x1024,train,1,heuristics,0,92bcc548765eab6a,"{""atomic_indexing"": [], ""block_sizes"": [64], ""indexing"": [""pointer"", ""pointer"", ""pointer"", ""pointer"", ""pointer"", ""pointer""], ""load_eviction_policies"": ["""", """", """", """"], ""num_sm_multiplier"": 1, ""num_stages"": 2, ""num_warps"": 16, ""pid_type"": ""persistent_interleaved"", ""range_flattens"": [null], ""range_multi_buffers"": [null], ""range_num_stages"": [0], ""range_unroll_factors"": [0], ""range_warp_specializes"": [null], ""reduction_loops"": [null]}",ok,17.535999417304993,0.021643400192260742,0
softmax,SO_003,1024x1024,train,2,heuristics,0,b48181f977e3a773,"{""atomic_indexing"": [], ""block_sizes"": [16], ""indexing"": [""tensor_descriptor"", ""tensor_descriptor"", ""pointer"", ""tensor_descriptor"", ""tensor_descriptor"", ""tensor_descriptor""], ""load_eviction_policies"": [""last"", ""first"", """", ""last""], ""num_stages"": 3, ""num_warps"": 16, ""pid_type"": ""flat"", ""range_flattens"": [null], ""range_multi_buffers"": [null], ""range_num_stages"": [0], ""range_unroll_factors"": [0], ""range_warp_specializes"": [null], ""reduction_loops"": [null]}",ok,11.392000131309032,0.2578592300415039,1
softmax,SO_003,1024x1024,train,2,heuristics,0,2eaa47515491baec,"{""atomic_indexing"": [], ""block_sizes"": [4], ""indexing"": [""pointer"", ""tensor_descriptor"", ""tensor_descriptor"", ""tensor_descriptor"", ""pointer"", ""tensor_descriptor""], ""load_eviction_policies"": ["""", """", """", ""last""], ""num_stages"": 7, ""num_warps"": 4, ""pid_type"": ""flat"", ""range_flattens"": [null], ""range_multi_buffers"": [null], ""range_num_stages"": [0], ""range_unroll_factors"": [0], ""range_warp_specializes"": [null], ""reduction_loops"": [null]}",ok,7.23200011998415,0.2519538402557373,1
softmax,SO_003,1024x1024,train,2,heuristics,0,f5217d8ba28efb96,"{""atomic_indexing"": [], ""block_sizes"": [16], ""indexing"": [""pointer"", ""pointer"", ""pointer"", ""tensor_descriptor"", ""pointer"", ""pointer""], ""load_eviction_policies"": [""first"", """", ""last"", ""last""], ""num_stages"": 4, ""num_warps"": 16, ""pid_type"": ""flat"", ""range_flattens"": [null], ""range_multi_buffers"": [null], ""range_num_stages"": [0], ""range_unroll_factors"": [0], ""range_warp_specializes"": [null], ""reduction_loops"": [null]}",ok,9.247999638319016,0.24453449249267578,1
softmax,SO_003,1024x1024,train,2,heuristics,0,2762deffa84c958d,"{""atomic_indexing"": [], ""block_sizes"": [16], ""indexing"": [""tensor_descriptor"", ""pointer"", ""pointer"", ""pointer"", ""pointer"", ""tensor_descriptor""], ""load_eviction_policies"": ["""", ""first"", ""last"", """"], ""num_stages"": 1, ""num_warps"": 16, ""pid_type"": ""flat"", ""range_flattens"": [null], ""range_multi_buffers"": [null], ""range_num_stages"": [0], ""range_unroll_factors"": [0], ""range_warp_specializes"": [null], ""reduction_loops"": [null]}",ok,11.264000087976456,0.23606491088867188,1
softmax,SO_003,1024x1024,train,2,heuristics,0,9075cf58f9bd030f,"{""atomic_indexing"": [], ""block_sizes"": [2], ""indexing"": [""tensor_descriptor"", ""pointer"", ""pointer"", ""tensor_descriptor"", ""pointer"", ""pointer""], ""load_eviction_policies"": [""first"", ""first"", """", """"], ""num_stages"": 5, ""num_warps"": 4, ""pid_type"": ""flat"", ""range_flattens"": [null], ""range_multi_buffers"": [null], ""range_num_stages"": [0], ""range_unroll_factors"": [0], ""range_warp_specializes"": [null], ""reduction_loops"": [null]}",ok,7.168000098317862,0.22934222221374512,1
softmax,SO_003,1024x1024,train,2,heuristics,0,737389bd6928bf84,"{""atomic_indexing"": [], ""block_sizes"": [2], ""indexing"": [""pointer"", ""tensor_descriptor"", ""pointer"", ""pointer"", ""pointer"", ""tensor_descriptor""], ""load_eviction_policies"": [""last"", """", ""first"", ""last""], ""num_stages"": 4, ""num_warps"": 4, ""pid_type"": ""flat"", ""range_flattens"": [null], ""range_multi_buffers"": [null], ""range_num_stages"": [0], ""range_unroll_factors"": [0], ""range_warp_specializes"": [null], ""reduction_loops"": [null]}",ok,7.199999876320362,0.22120237350463867,1
softmax,SO_003,1024x1024,train,2,heuristics,0,37354fe485337843,"{""atomic_indexing"": [], ""block_sizes"": [2], ""indexing"": [""pointer"", ""tensor_descriptor"", ""pointer"", ""pointer"", ""pointer"", ""pointer""], ""load_eviction_policies"": [""last"", ""last"", ""first"", ""first""], ""num_stages"": 7, ""num_warps"": 4, ""pid_type"": ""flat"", ""range_flattens"": [null], ""range_multi_buffers"": [null], ""range_num_stages"": [0], ""range_unroll_factors"": [0], ""range_warp_specializes"": [null], ""reduction_loops"": [null]}",ok,7.199999876320362,0.2126011848449707,1
softmax,SO_003,1024x1024,train,2,heuristics,0,5776fd0ad909b2f2,"{""atomic_indexing"": [], ""block_sizes"": [2], ""indexing"": [""tensor_descriptor"", ""tensor_descriptor"", ""tensor_descriptor"", ""pointer"", ""pointer"", ""pointer""], ""load_eviction_policies"": ["""", ""first"", """", ""last""], ""num_stages"": 4, ""num_warps"": 4, ""pid_type"": ""flat"", ""range_flattens"": [null], ""range_multi_buffers"": [null], ""range_num_stages"": [0], ""range_unroll_factors"": [0], ""range_warp_specializes"": [null], ""reduction_loops"": [null]}",ok,7.199999876320362,0.19911694526672363,1
softmax,SO_003,1024x1024,train,2,heuristics,0,4fbe96db09effbd2,"{""atomic_indexing"": [], ""block_sizes"": [2], ""indexing"": [""pointer"", ""pointer"", ""tensor_descriptor"", ""tensor_descriptor"", ""pointer"", ""pointer""], ""load_eviction_policies"": ["""", ""last"", ""last"", """"], ""num_stages"": 3, ""num_warps"": 4, ""pid_type"": ""flat"", ""range_flattens"": [null], ""range_multi_buffers"": [null], ""range_num_stages"": [0], ""range_unroll_factors"": [0], ""range_warp_specializes"": [null], ""reduction_loops"": [null]}",ok,7.199999876320362,0.1903822422027588,1
softmax,SO_003,1024x1024,train,2,heuristics,0,95e222b5e08b45db,"{""atomic_indexing"": [], ""block_sizes"": [1], ""indexing"": [""pointer"", ""pointer"", ""pointer"", ""pointer"", ""pointer"", ""tensor_descriptor""], ""load_eviction_policies"": ["""", ""last"", """", ""first""], ""num_stages"": 3, ""num_warps"": 4, ""pid_type"": ""flat"", ""range_flattens"": [null], ""range_multi_buffers"": [null], ""range_num_stages"": [0], ""range_unroll_factors"": [0], ""range_warp_specializes"": [null], ""reduction_loops"": [null]}",ok,7.199999876320362,0.1830887794494629,1
softmax,SO_003,1024x1024,train,2,heuristics,0,e7669f72e60d9a55,"{""atomic_indexing"": [], ""block_sizes"": [1], ""indexing"": [""tensor_descriptor"", ""pointer"", ""pointer"", ""pointer"", ""tensor_descriptor"", ""pointer""], ""load_eviction_policies"": ["""", ""first"", """", ""last""], ""num_stages"": 2, ""num_warps"": 4, ""pid_type"": ""flat"", ""range_flattens"": [null], ""range_multi_buffers"": [null], ""range_num_stages"": [0], ""range_unroll_factors"": [0], ""range_warp_specializes"": [null], ""reduction_loops"": [null]}",ok,7.199999876320362,0.17501020431518555,1
softmax,SO_003,1024x1024,train,2,heuristics,0,e808571f5d538fbe,"{""atomic_indexing"": [], ""block_sizes"": [1], ""indexing"": [""tensor_descriptor"", ""tensor_descriptor"", ""tensor_descriptor"", ""pointer"", ""pointer"", ""pointer""], ""load_eviction_policies"": ["""", ""last"", ""last"", """"], ""num_stages"": 3, ""num_warps"": 4, ""pid_type"": ""flat"", ""range_flattens"": [null], ""range_multi_buffers"": [null], ""range_num_stages"": [0], ""range_unroll_factors"": [0], ""range_warp_specializes"": [null], ""reduction_loops"": [null]}",ok,7.199999876320362,0.16791152954101562,1
softmax,SO_003,1024x1024,train,2,heuristics,0,085bea581ac19295,"{""atomic_indexing"": [], ""block_sizes"": [1], ""indexing"": [""pointer"", ""pointer"", ""tensor_descriptor"", ""pointer"", ""pointer"", ""tensor_descriptor""], ""load_eviction_policies"": [""first"", """", """", """"], ""num_stages"": 4, ""num_warps"": 2, ""pid_type"": ""flat"", ""range_flattens"": [null], ""range_multi_buffers"": [null], ""range_num_stages"": [0], ""range_unroll_factors"": [0], ""range_warp_specializes"": [null], ""reduction_loops"": [null]}",ok,7.199999876320362,0.16067194938659668,1
softmax,SO_003,1024x1024,train,2,heuristics,0,1267f42f328081fb,"{""atomic_indexing"": [], ""block_sizes"": [1], ""indexing"": [""pointer"", ""tensor_descriptor"", ""pointer"", ""pointer"", ""tensor_descriptor"", ""pointer""], ""load_eviction_policies"": [""last"", ""last"", """", ""last""], ""num_stages"": 1, ""num_warps"": 2, ""pid_type"": ""flat"", ""range_flattens"": [null], ""range_multi_buffers"": [null], ""range_num_stages"": [0], ""range_unroll_factors"": [0], ""range_warp_specializes"": [null], ""reduction_loops"": [null]}",ok,7.199999876320362,0.1523725986480713,1
softmax,SO_003,1024x1024,train,2,heuristics,0,08179a1f017a849e,"{""atomic_indexing"": [], ""block_sizes"": [1], ""indexing"": [""pointer"", ""tensor_descriptor"", ""pointer"", ""tensor_descriptor"", ""pointer"", ""pointer""], ""load_eviction_policies"": ["""", ""first"", """", """"], ""num_stages"": 1, ""num_warps"": 2, ""pid_type"": ""flat"", ""range_flattens"": [null], ""range_multi_buffers"": [null], ""range_num_stages"": [0], ""range_unroll_factors"": [0], ""range_warp_specializes"": [null], ""reduction_loops"": [null]}",ok,7.199999876320362,0.14316415786743164,1
softmax,SO_003,1024x1024,train,2,heuristics,0,4db99bd1b1fd307f,"{""atomic_indexing"": [], ""block_sizes"": [1], ""indexing"": [""tensor_descriptor"", ""pointer"", ""pointer"", ""pointer"", ""tensor_descriptor"", ""pointer""], ""load_eviction_policies"": [""first"", """", ""last"", ""last""], ""num_stages"": 1, ""num_warps"": 4, ""pid_type"": ""flat"", ""range_flattens"": [null], ""range_multi_buffers"": [null], ""range_num_stages"": [0], ""range_unroll_factors"": [0], ""range_warp_specializes"": [null], ""reduction_loops"": [null]}",ok,7.199999876320362,0.12434029579162598,1
softmax,SO_003,1024x1024,train,2,heuristics,0,e9936258141334eb,"{""atomic_indexing"": [], ""block_sizes"": [1], ""indexing"": [""tensor_descriptor"", ""pointer"", ""pointer"", ""pointer"", ""pointer"", ""tensor_descriptor""], ""load_eviction_policies"": [""first"", ""first"", ""last"", ""last""], ""num_stages"": 4, ""num_warps"": 2, ""pid_type"": ""flat"", ""range_flattens"": [null], ""range_multi_buffers"": [null], ""range_num_stages"": [0], ""range_unroll_factors"": [0], ""range_warp_specializes"": [null], ""reduction_loops"": [null]}",ok,7.199999876320362,0.11607170104980469,1
softmax,SO_003,1024x1024,train,2,heuristics,0,434f8e224d142a8b,"{""atomic_indexing"": [], ""block_sizes"": [1], ""indexing"": [""tensor_descriptor"", ""tensor_descriptor"", ""tensor_descriptor"", ""tensor_descriptor"", ""tensor_descriptor"", ""pointer""], ""load_eviction_policies"": ["""", ""first"", """", """"], ""num_stages"": 3, ""num_warps"": 4, ""pid_type"": ""flat"", ""range_flattens"": [null], ""range_multi_buffers"": [null], ""range_num_stages"": [0], ""range_unroll_factors"": [0], ""range_warp_specializes"": [null], ""reduction_loops"": [null]}",ok,7.199999876320362,0.10846805572509766,1
softmax,SO_003,1024x1024,train,2,heuristics,0,68752d78a5f2f718,"{""atomic_indexing"": [], ""block_sizes"": [1], ""indexing"": [""pointer"", ""tensor_descriptor"", ""tensor_descriptor"", ""tensor_descriptor"", ""pointer"", ""tensor_descriptor""], ""load_eviction_policies"": ["""", """", ""last"", """"], ""num_stages"": 5, ""num_warps"": 4, ""pid_type"": ""flat"", ""range_flattens"": [null], ""range_multi_buffers"": [null], ""range_num_stages"": [0], ""range_unroll_factors"": [0], ""range_warp_specializes"": [null], ""reduction_loops"": [null]}",ok,7.199999876320362,0.10114717483520508,1
softmax,SO_003,1024x1024,train,2,heuristics,0,4856eb1714f29c07,"{""atomic_indexing"": [], ""block_sizes"": [1], ""indexing"": [""pointer"", ""pointer"", ""tensor_descriptor"", ""pointer"", ""pointer"", ""pointer""], ""load_eviction_policies"": ["""", ""first"", ""last"", """"], ""num_stages"": 4, ""num_warps"": 4, ""pid_type"": ""flat"", ""range_flattens"": [null], ""range_multi_buffers"": [null], ""range_num_stages"": [0], ""range_unroll_factors"": [0], ""range_warp_specializes"": [null], ""reduction_loops"": [null]}",ok,7.199999876320362,0.09397602081298828,1
softmax,SO_003,1024x1024,train,2,heuristics,0,fc018cf22ed54212,"{""atomic_indexing"": [], ""block_sizes"": [1], ""indexing"": [""pointer"", ""pointer"", ""tensor_descriptor"", ""pointer"", ""tensor_descriptor"", ""pointer""], ""load_eviction_policies"": [""first"", """", ""last"", ""last""], ""num_stages"": 5, ""num_warps"": 4, ""pid_type"": ""flat"", ""range_flattens"": [null], ""range_multi_buffers"": [null], ""range_num_stages"": [0], ""range_unroll_factors"": [0], ""range_warp_specializes"": [null], ""reduction_loops"": [null]}",ok,7.199999876320362,0.08644366264343262,1
softmax,SO_003,1024x1024,train,2,heuristics,0,c74b29bb5044d66d,"{""atomic_indexing"": [], ""block_sizes"": [1], ""indexing"": [""tensor_descriptor"", ""tensor_descriptor"", ""tensor_descriptor"", ""pointer"", ""pointer"", ""pointer""], ""load_eviction_policies"": ["""", ""first"", ""first"", ""first""], ""num_stages"": 8, ""num_warps"": 1, ""pid_type"": ""flat"", ""range_flattens"": [null], ""range_multi_buffers"": [null], ""range_num_stages"": [0], ""range_unroll_factors"": [0], ""range_warp_specializes"": [null], ""reduction_loops"": [null]}",ok,7.168000098317862,0.07911181449890137,1
softmax,SO_003,1024x1024,train,2,heuristics,0,4708becdd7c177b9,"{""atomic_indexing"": [], ""block_sizes"": [1], ""indexing"": [""tensor_descriptor"", ""pointer"", ""pointer"", ""pointer"", ""tensor_descriptor"", ""pointer""], ""load_eviction_policies"": ["""", ""last"", ""first"", """"], ""num_stages"": 4, ""num_warps"": 1, ""pid_type"": ""flat"", ""range_flattens"": [null], ""range_multi_buffers"": [null], ""range_num_stages"": [0], ""range_unroll_factors"": [0], ""range_warp_specializes"": [null], ""reduction_loops"": [null]}",ok,7.199999876320362,0.0711207389831543,1
softmax,SO_003,1024x1024,train,2,heuristics,0,99c5aebdeea9e7c6,"{""atomic_indexing"": [], ""block_sizes"": [1], ""indexing"": [""pointer"", ""pointer"", ""tensor_descriptor"", ""pointer"", ""pointer"", ""tensor_descriptor""], ""load_eviction_policies"": ["""", ""first"", ""last"", ""first""], ""num_stages"": 6, ""num_warps"": 1, ""pid_type"": ""flat"", ""range_flattens"": [null], ""range_multi_buffers"": [null], ""range_num_stages"": [0], ""range_unroll_factors"": [0], ""range_warp_specializes"": [null], ""reduction_loops"": [null]}",ok,7.199999876320362,0.06348109245300293,1
softmax,SO_003,1024x1024,train,2,heuristics,0,5fda1aeabce14faf,"{""atomic_indexing"": [], ""block_sizes"": [1], ""indexing"": [""tensor_descriptor"", ""pointer"", ""pointer"", ""pointer"", ""pointer"", ""tensor_descriptor""], ""load_eviction_policies"": [""first"", ""first"", ""first"", """"], ""num_stages"": 5, ""num_warps"": 1, ""pid_type"": ""flat"", ""range_flattens"": [null], ""range_multi_buffers"": [null], ""range_num_stages"": [0], ""range_unroll_factors"": [0], ""range_warp_specializes"": [null], ""reduction_loops"": [null]}",ok,7.199999876320362,0.05545234680175781,1
softmax,SO_003,1024x1024,train,2,heuristics,0,ecba085562a0f716,"{""atomic_indexing"": [], ""block_sizes"": [1], ""indexing"": [""pointer"", ""pointer"", ""tensor_descriptor"", ""pointer"", ""tensor_descriptor"", ""tensor_descriptor""], ""load_eviction_policies"": ["""", ""last"", ""first"", """"], ""num_stages"": 5, ""num_warps"": 4, ""pid_type"": ""flat"", ""range_flattens"": [null], ""range_multi_buffers"": [null], ""range_num_stages"": [0], ""range_unroll_factors"": [0], ""range_warp_specializes"": [null], ""reduction_loops"": [null]}",ok,7.199999876320362,0.0482792854309082,1
softmax,SO_003,1024x1024,train,2,heuristics,0,73ee7ebfcd167c3e,"{""atomic_indexing"": [], ""block_sizes"": [1], ""indexing"": [""pointer"", ""pointer"", ""tensor_descriptor"", ""tensor_descriptor"", ""tensor_descriptor"", ""tensor_descriptor""], ""load_eviction_policies"": [""last"", """", """", ""first""], ""num_stages"": 1, ""num_warps"": 4, ""pid_type"": ""flat"", ""range_flattens"": [null], ""range_multi_buffers"": [null], ""range_num_stages"": [0], ""range_unroll_factors"": [0], ""range_warp_specializes"": [null], ""reduction_loops"": [null]}",ok,7.199999876320362,0.0400388240814209,1
softmax,SO_003,1024x1024,train,2,heuristics,0,6fa900742bf7cad2,"{""atomic_indexing"": [], ""block_sizes"": [1], ""indexing"": [""pointer"", ""tensor_descriptor"", ""pointer"", ""pointer"", ""pointer"", ""pointer""], ""load_eviction_policies"": ["""", ""first"", """", ""last""], ""num_stages"": 2, ""num_warps"": 2, ""pid_type"": ""flat"", ""range_flattens"": [null], ""range_multi_buffers"": [null], ""range_num_stages"": [0], ""range_unroll_factors"": [0], ""range_warp_specializes"": [null], ""reduction_loops"": [null]}",ok,7.199999876320362,0.03114795684814453,1
softmax,SO_003,1024x1024,train,2,heuristics,0,4c8d5c71e5731ce4,"{""atomic_indexing"": [], ""block_sizes"": [1], ""indexing"": [""pointer"", ""tensor_descriptor"", ""tensor_descriptor"", ""pointer"", ""tensor_descriptor"", ""tensor_descriptor""], ""load_eviction_policies"": [""last"", ""first"", ""last"", """"], ""num_stages"": 4, ""num_warps"": 2, ""pid_type"": ""flat"", ""range_flattens"": [null], ""range_multi_buffers"": [null], ""range_num_stages"": [0], ""range_unroll_factors"": [0], ""range_warp_specializes"": [null], ""reduction_loops"": [null]}",ok,7.199999876320362,0.02296733856201172,1
softmax,SO_003,1024x1024,train,2,heuristics,0,8f9244c76278f5d3,"{""atomic_indexing"": [], ""block_sizes"": [1], ""indexing"": [""pointer"", ""pointer"", ""pointer"", ""pointer"", ""pointer"", ""pointer""], ""load_eviction_policies"": ["""", """", """", """"], ""num_stages"": 1, ""num_warps"": 4, ""pid_type"": ""flat"", ""range_flattens"": [null], ""range_multi_buffers"": [null], ""range_num_stages"": [0], ""range_unroll_factors"": [0], ""range_warp_specializes"": [null], ""reduction_loops"": [null]}",ok,7.199999876320362,0.021494626998901367,1
softmax,SO_003,1024x1024,train,2,heuristics,0,f03a63a4d5c4fb6b,"{""atomic_indexing"": [], ""block_sizes"": [8], ""indexing"": [""pointer"", ""pointer"", ""pointer"", ""pointer"", ""pointer"", ""pointer""], ""load_eviction_policies"": ["""", """", """", """"], ""num_stages"": 2, ""num_warps"": 4, ""pid_type"": ""flat"", ""range_flattens"": [null], ""range_multi_buffers"": [null], ""range_num_stages"": [0], ""range_unroll_factors"": [0], ""range_warp_specializes"": [null], ""reduction_loops"": [null]}",ok,9.151999838650227,0.03728365898132324,0
softmax,SO_003,1024x1024,train,2,heuristics,0,02b40432328bb616,"{""atomic_indexing"": [], ""block_sizes"": [16], ""indexing"": [""pointer"", ""pointer"", ""pointer"", ""pointer"", ""pointer"", ""pointer""], ""load_eviction_policies"": ["""", """", """", """"], ""num_stages"": 3, ""num_warps"": 8, ""pid_type"": ""flat"", ""range_flattens"": [null], ""range_multi_buffers"": [null], ""range_num_stages"": [0], ""range_unroll_factors"": [0], ""range_warp_specializes"": [null], ""reduction_loops"": [null]}",ok,9.216000325977802,0.02984166145324707,0
softmax,SO_003,1024x1024,train,2,heuristics,0,a22a4b704ac9c927,"{""atomic_indexing"": [], ""block_sizes"": [4], ""indexing"": [""pointer"", ""pointer"", ""pointer"", ""pointer"", ""pointer"", ""pointer""], ""load_eviction_policies"": ["""", """", """", """"], ""num_sm_multiplier"": 1, ""num_stages"": 2, ""num_warps"": 4, ""pid_type"": ""persistent_blocked"", ""range_flattens"": [null], ""range_multi_buffers"": [null], ""range_num_stages"": [0], ""range_unroll_factors"": [0], ""range_warp_specializes"": [null], ""reduction_loops"": [null]}",ok,9.216000325977802,0.036629438400268555,0
softmax,SO_003,1024x1024,train,2,heuristics,0,60c06584b9fac861,"{""atomic_indexing"": [], ""block_sizes"": [32], ""indexing"": [""tensor_descriptor"", ""tensor_descriptor"", ""tensor_descriptor"", ""tensor_descriptor"", ""tensor_descriptor"", ""tensor_descriptor""], ""load_eviction_policies"": ["""", """", """", """"], ""num_stages"": 2, ""num_warps"": 8, ""pid_type"": ""flat"", ""range_flattens"": [null], ""range_multi_buffers"": [null], ""range_num_stages"": [0], ""range_unroll_factors"": [0], ""range_warp_specializes"": [null], ""reduction_loops"": [null]}",ok,15.39199985563755,0.03614926338195801,0
softmax,SO_003,1024x1024,train,2,heuristics,0,fe3217df48f2aa24,"{""atomic_indexing"": [], ""block_sizes"": [16], ""indexing"": [""pointer"", ""pointer"", ""pointer"", ""pointer"", ""pointer"", ""pointer""], ""load_eviction_policies"": ["""", """", """", """"], ""num_sm_multiplier"": 1, ""num_stages"": 4, ""num_warps"": 16, ""pid_type"": ""persistent_interleaved"", ""range_flattens"": [null], ""range_multi_buffers"": [null], ""range_num_stages"": [0], ""range_unroll_factors"": [2], ""range_warp_specializes"": [null], ""reduction_loops"": [null]}",ok,9.216000325977802,0.44073963165283203,0
softmax,SO_004,2048x2048,train,0,heuristics,0,b48181f977e3a773,"{""atomic_indexing"": [], ""block_sizes"": [16], ""indexing"": [""tensor_descriptor"", ""tensor_descriptor"", ""pointer"", ""tensor_descriptor"", ""tensor_descriptor"", ""tensor_descriptor""], ""load_eviction_policies"": [""last"", ""first"", """", ""last""], ""num_stages"": 3, ""num_warps"": 16, ""pid_type"": ""flat"", ""range_flattens"": [null], ""range_multi_buffers"": [null], ""range_num_stages"": [0], ""range_unroll_factors"": [0], ""range_warp_specializes"": [null], ""reduction_loops"": [null]}",ok,15.359999611973763,0.41632533073425293,1
softmax,SO_004,2048x2048,train,0,heuristics,0,2eaa47515491baec,"{""atomic_indexing"": [], ""block_sizes"": [4], ""indexing"": [""pointer"", ""tensor_descriptor"", ""tensor_descriptor"", ""tensor_descriptor"", ""pointer"", ""tensor_descriptor""], ""load_eviction_policies"": ["""", """", """", ""last""], ""num_stages"": 7, ""num_warps"": 4, ""pid_type"": ""flat"", ""range_flattens"": [null], ""range_multi_buffers"": [null], ""range_num_stages"": [0], ""range_unroll_factors"": [0], ""range_warp_specializes"": [null], ""reduction_loops"": [null]}",ok,11.264000087976456,0.3985624313354492,1
softmax,SO_004,2048x2048,train,0,heuristics,0,f5217d8ba28efb96,"{""atomic_indexing"": [], ""block_sizes"": [16], ""indexing"": [""pointer"", ""pointer"", ""pointer"", ""tensor_descriptor"", ""pointer"", ""pointer""], ""load_eviction_policies"": [""first"", """", ""last"", ""last""], ""num_stages"": 4, ""num_warps"": 16, ""pid_type"": ""flat"", ""range_flattens"": [null], ""range_multi_buffers"": [null], ""range_num_stages"": [0], ""range_unroll_factors"": [0], ""range_warp_specializes"": [null], ""reduction_loops"": [null]}",ok,13.311999849975109,0.38153839111328125,1
softmax,SO_004,2048x2048,train,0,heuristics,0,2762deffa84c958d,"{""atomic_indexing"": [], ""block_sizes"": [16], ""indexing"": [""tensor_descriptor"", ""pointer"", ""pointer"", ""pointer"", ""pointer"", ""tensor_descriptor""], ""load_eviction_policies"": ["""", ""first"", ""last"", """"], ""num_stages"": 1, ""num_warps"": 16, ""pid_type"": ""flat"", ""range_flattens"": [null], ""range_multi_buffers"": [null], ""range_num_stages"": [0], ""range_unroll_factors"": [0], ""range_warp_specializes"": [null], ""reduction_loops"": [null]}",ok,13.311999849975109,0.373035192489624,1
softmax,SO_004,2048x2048,train,0,heuristics,0,9075cf58f9bd030f,"{""atomic_indexing"": [], ""block_sizes"": [2], ""indexing"": [""tensor_descriptor"", ""pointer"", ""pointer"", ""tensor_descriptor"", ""pointer"", ""pointer""], ""load_eviction_policies"": [""first"", ""first"", """", """"], ""num_stages"": 5, ""num_warps"": 4, ""pid_type"": ""flat"", ""range_flattens"": [null], ""range_multi_buffers"": [null], ""range_num_stages"": [0], ""range_unroll_factors"": [0], ""range_warp_specializes"": [null], ""reduction_loops"": [null]}",ok,11.296000331640244,0.3649904727935791,1
softmax,SO_004,2048x2048,train,0,heuristics,0,737389bd6928bf84,"{""atomic_indexing"": [], ""block_sizes"": [2], ""indexing"": [""pointer"", ""tensor_descriptor"", ""pointer"", ""pointer"", ""pointer"", ""tensor_descriptor""], ""load_eviction_policies"": [""last"", """", ""first"", ""last""], ""num_stages"": 4, ""num_warps"": 4, ""pid_type"": ""flat"", ""range_flattens"": [null], ""range_multi_buffers"": [null], ""range_num_stages"": [0], ""range_unroll_factors"": [0], ""range_warp_specializes"": [null], ""reduction_loops"": [null]}",ok,9.247999638319016,0.3457069396972656,1
softmax,SO_004,2048x2048,train,0,heuristics,0,37354fe485337843,"{""atomic_indexing"": [], ""block_sizes"": [2], ""indexing"": [""pointer"", ""tensor_descriptor"", ""pointer"", ""pointer"", ""pointer"", ""pointer""], ""load_eviction_policies"": [""last"", ""last"", ""first"", ""first""], ""num_stages"": 7, ""num_warps"": 4, ""pid_type"": ""flat"", ""range_flattens"": [null], ""range_multi_buffers"": [null], ""range_num_stages"": [0], ""range_unroll_factors"": [0], ""range_warp_specializes"": [null], ""reduction_loops"": [null]}",ok,9.247999638319016,0.33098578453063965,1
softmax,SO_004,2048x2048,train,0,heuristics,0,5776fd0ad909b2f2,"{""atomic_indexing"": [], ""block_sizes"": [2], ""indexing"": [""tensor_descriptor"", ""tensor_descriptor"", ""tensor_descriptor"", ""pointer"", ""pointer"", ""pointer""], ""load_eviction_policies"": ["""", ""first"", """", ""last""], ""num_stages"": 4, ""num_warps"": 4, ""pid_type"": ""flat"", ""range_flattens"": [null], ""range_multi_buffers"": [null], ""range_num_stages"": [0], ""range_unroll_factors"": [0], ""range_warp_specializes"": [null], ""reduction_loops"": [null]}",ok,9.247999638319016,0.3120584487915039,1
softmax,SO_004,2048x2048,train,0,heuristics,0,4fbe96db09effbd2,"{""atomic_indexing"": [], ""block_sizes"": [2], ""indexing"": [""pointer"", ""pointer"", ""tensor_descriptor"", ""tensor_descriptor"", ""pointer"", ""pointer""], ""load_eviction_policies"": ["""", ""last"", ""last"", """"], ""num_stages"": 3, ""num_warps"": 4, ""pid_type"": ""flat"", ""range_flattens"": [null], ""range_multi_buffers"": [null], ""range_num_stages"": [0], ""range_unroll_factors"": [0], ""range_warp_specializes"": [null], ""reduction_loops"": [null]}",ok,9.247999638319016,0.2968451976776123,1
softmax,SO_004,2048x2048,train,0,heuristics,0,95e222b5e08b45db,"{""atomic_indexing"": [], ""block_sizes"": [1], ""indexing"": [""pointer"", ""pointer"", ""pointer"", ""pointer"", ""pointer"", ""tensor_descriptor""], ""load_eviction_policies"": ["""", ""last"", """", ""first""], ""num_stages"": 3, ""num_warps"": 4, ""pid_type"": ""flat"", ""range_flattens"": [null], ""range_multi_buffers"": [null], ""range_num_stages"": [0], ""range_unroll_factors"": [0], ""range_warp_specializes"": [null], ""reduction_loops"": [null]}",ok,9.216000325977802,0.2780272960662842,1
softmax,SO_004,2048x2048,train,0,heuristics,0,e7669f72e60d9a55,"{""atomic_indexing"": [], ""block_sizes"": [1], ""indexing"": [""tensor_descriptor"", ""pointer"", ""pointer"", ""pointer"", ""tensor_descriptor"", ""pointer""], ""load_eviction_policies"": ["""", ""first"", """", ""last""], ""num_stages"": 2, ""num_warps"": 4, ""pid_type"": ""flat"", ""range_flattens"": [null], ""range_multi_buffers"": [null], ""range_num_stages"": [0], ""range_unroll_factors"": [0], ""range_warp_specializes"": [null], ""reduction_loops"": [null]}",ok,9.247999638319016,0.2592175006866455,1
softmax,SO_004,2048x2048,train,0,heuristics,0,e808571f5d538fbe,"{""atomic_indexing"": [], ""block_sizes"": [1], ""indexing"": [""tensor_descriptor"", ""tensor_descriptor"", ""tensor_descriptor"", ""pointer"", ""pointer"", ""pointer""], ""load_eviction_policies"": ["""", ""last"", ""last"", """"], ""num_stages"": 3, ""num_warps"": 4, ""pid_type"": ""flat"", ""range_flattens"": [null], ""range_multi_buffers"": [null], ""range_num_stages"": [0], ""range_unroll_factors"": [0], ""range_warp_specializes"": [null], ""reduction_loops"": [null]}",ok,9.216000325977802,0.2471451759338379,1
softmax,SO_004,2048x2048,train,0,heuristics,0,085bea581ac19295,"{""atomic_indexing"": [], ""block_sizes"": [1], ""indexing"": [""pointer"", ""pointer"", ""tensor_descriptor"", ""pointer"", ""pointer"", ""tensor_descriptor""], ""load_eviction_policies"": [""first"", """", """", """"], ""num_stages"": 4, ""num_warps"": 2, ""pid_type"": ""flat"", ""range_flattens"": [null], ""range_multi_buffers"": [null], ""range_num_stages"": [0], ""range_unroll_factors"": [0], ""range_warp_specializes"": [null], ""reduction_loops"": [null]}",ok,9.216000325977802,0.22837352752685547,1
softmax,SO_004,2048x2048,train,0,heuristics,0,1267f42f328081fb,"{""atomic_indexing"": [], ""block_sizes"": [1], ""indexing"": [""pointer"", ""tensor_descriptor"", ""pointer"", ""pointer"", ""tensor_descriptor"", ""pointer""], ""load_eviction_policies"": [""last"", ""last"", """", ""last""], ""num_stages"": 1, ""num_warps"": 2, ""pid_type"": ""flat"", ""range_flattens"": [null], ""range_multi_buffers"": [null], ""range_num_stages"": [0], ""range_unroll_factors"": [0], ""range_warp_specializes"": [null], ""reduction_loops"": [null]}",ok,9.216000325977802,0.21834516525268555,1
softmax,SO_004,2048x2048,train,0,heuristics,0,08179a1f017a849e,"{""atomic_indexing"": [], ""block_sizes"": [1], ""indexing"": [""pointer"", ""tensor_descriptor"", ""pointer"", ""tensor_descriptor"", ""pointer"", ""pointer""], ""load_eviction_policies"": ["""", ""first"", """", """"], ""num_stages"": 1, ""num_warps"": 2, ""pid_type"": ""flat"", ""range_flattens"": [null], ""range_multi_buffers"": [null], ""range_num_stages"": [0], ""range_unroll_factors"": [0], ""range_warp_specializes"": [null], ""reduction_loops"": [null]}",ok,9.216000325977802,0.19964838027954102,1
softmax,SO_004,2048x2048,train,0,heuristics,0,4db99bd1b1fd307f,"{""atomic_indexing"": [], ""block_sizes"": [1], ""indexing"": [""tensor_descriptor"", ""pointer"", ""pointer"", ""pointer"", ""tensor_descriptor"", ""pointer""], ""load_eviction_policies"": [""first"", """", ""last"", ""last""], ""num_stages"": 1, ""num_warps"": 4, ""pid_type"": ""flat"", ""range_flattens"": [null], ""range_multi_buffers"": [null], ""range_num_stages"": [0], ""range_unroll_factors"": [0], ""range_warp_specializes"": [null], ""reduction_loops"": [null]}",ok,9.216000325977802,0.1808323860168457,1
softmax,SO_004,2048x2048,train,0,heuristics,0,e9936258141334eb,"{""atomic_indexing"": [], ""block_sizes"": [1], ""indexing"": [""tensor_descriptor"", ""pointer"", ""pointer"", ""pointer"", ""pointer"", ""tensor_descriptor""], ""load_eviction_policies"": [""first"", ""first"", ""last"", ""last""], ""num_stages"": 4, ""num_warps"": 2, ""pid_type"": ""flat"", ""range_flattens"": [null], ""range_multi_buffers"": [null], ""range_num_stages"": [0], ""range_unroll_factors"": [0], ""range_warp_specializes"": [null], ""reduction_loops"": [null]}",ok,9.216000325977802,0.16788363456726074,1
softmax,SO_004,2048x2048,train,0,heuristics,0,434f8e224d142a8b,"{""atomic_indexing"": [], ""block_sizes"": [1], ""indexing"": [""tensor_descriptor"", ""tensor_descriptor"", ""tensor_descriptor"", ""tensor_descriptor"", ""tensor_descriptor"", ""pointer""], ""load_eviction_policies"": ["""", ""first"", """", """"], ""num_stages"": 3, ""num_warps"": 4, ""pid_type"": ""flat"", ""range_flattens"": [null], ""range_multi_buffers"": [null], ""range_num_stages"": [0], ""range_unroll_factors"": [0], ""range_warp_specializes"": [null], ""reduction_loops"": [null]}",ok,9.216000325977802,0.1492152214050293,1
softmax,SO_004,2048x2048,train,0,heuristics,0,68752d78a5f2f718,"{""atomic_indexing"": [], ""block_sizes"": [1], ""indexing"": [""pointer"", ""tensor_descriptor"", ""tensor_descriptor"", ""tensor_descriptor"", ""pointer"", ""tensor_descriptor""], ""load_eviction_policies"": ["""", """", ""last"", """"], ""num_stages"": 5, ""num_warps"": 4, ""pid_type"": ""flat"", ""range_flattens"": [null], ""range_multi_buffers"": [null], ""range_num_stages"": [0], ""range_unroll_factors"": [0], ""range_warp_specializes"": [null], ""reduction_loops"": [null]}",ok,9.247999638319016,0.1379561424255371,1
softmax,SO_004,2048x2048,train,0,heuristics,0,4856eb1714f29c07,"{""atomic_indexing"": [], ""block_sizes"": [1], ""indexing"": [""pointer"", ""pointer"", ""tensor_descriptor"", ""pointer"", ""pointer"", ""pointer""], ""load_eviction_policies"": ["""", ""first"", ""last"", """"], ""num_stages"": 4, ""num_warps"": 4, ""pid_type"": ""flat"", ""range_flattens"": [null], ""range_multi_buffers"": [null], ""range_num_stages"": [0], ""range_unroll_factors"": [0], ""range_warp_specializes"": [null], ""reduction_loops"": [null]}",ok,9.216000325977802,0.11906194686889648,1
softmax,SO_004,2048x2048,train,0,heuristics,0,fc018cf22ed54212,"{""atomic_indexing"": [], ""block_sizes"": [1], ""indexing"": [""pointer"", ""pointer"", ""tensor_descriptor"", ""pointer"", ""tensor_descriptor"", ""pointer""], ""load_eviction_policies"": [""first"", """", ""last"", ""last""], ""num_stages"": 5, ""num_warps"": 4, ""pid_type"": ""flat"", ""range_flattens"": [null], ""range_multi_buffers"": [null], ""range_num_stages"": [0], ""range_unroll_factors"": [0], ""range_warp_specializes"": [null], ""reduction_loops"": [null]}",ok,9.216000325977802,0.10848808288574219,1
softmax,SO_004,2048x2048,train,0,heuristics,0,c74b29bb5044d66d,"{""atomic_indexing"": [], ""block_sizes"": [1], ""indexing"": [""tensor_descriptor"", ""tensor_descriptor"", ""tensor_descriptor"", ""pointer"", ""pointer"", ""pointer""], ""load_eviction_policies"": ["""", ""first"", ""first"", ""first""], ""num_stages"": 8, ""num_warps"": 1, ""pid_type"": ""flat"", ""range_flattens"": [null], ""range_multi_buffers"": [null], ""range_num_stages"": [0], ""range_unroll_factors"": [0], ""range_warp_specializes"": [null], ""reduction_loops"": [null]}",ok,9.247999638319016,0.09987807273864746,1
softmax,SO_004,2048x2048,train,0,heuristics,0,4708becdd7c177b9,"{""atomic_indexing"": [], ""block_sizes"": [1], ""indexing"": [""tensor_descriptor"", ""pointer"", ""pointer"", ""pointer"", ""tensor_descriptor"", ""pointer""], ""load_eviction_policies"": ["""", ""last"", ""first"", """"], ""num_stages"": 4, ""num_warps"": 1, ""pid_type"": ""flat"", ""range_flattens"": [null], ""range_multi_buffers"": [null], ""range_num_stages"": [0], ""range_unroll_factors"": [0], ""range_warp_specializes"": [null], ""reduction_loops"": [null]}",ok,9.247999638319016,0.09067320823669434,1
softmax,SO_004,2048x2048,train,0,heuristics,0,99c5aebdeea9e7c6,"{""atomic_indexing"": [], ""block_sizes"": [1], ""indexing"": [""pointer"", ""pointer"", ""tensor_descriptor"", ""pointer"", ""pointer"", ""tensor_descriptor""], ""load_eviction_policies"": ["""", ""first"", ""last"", ""first""], ""num_stages"": 6, ""num_warps"": 1, ""pid_type"": ""flat"", ""range_flattens"": [null], ""range_multi_buffers"": [null], ""range_num_stages"": [0], ""range_unroll_factors"": [0], ""range_warp_specializes"": [null], ""reduction_loops"": [null]}",ok,9.216000325977802,0.08210587501525879,1
softmax,SO_004,2048x2048,train,0,heuristics,0,5fda1aeabce14faf,"{""atomic_indexing"": [], ""block_sizes"": [1], ""indexing"": [""tensor_descriptor"", ""pointer"", ""pointer"", ""pointer"", ""pointer"", ""tensor_descriptor""], ""load_eviction_policies"": [""first"", ""first"", ""first"", """"], ""num_stages"": 5, ""num_warps"": 1, ""pid_type"": ""flat"", ""range_flattens"": [null], ""range_multi_buffers"": [null], ""range_num_stages"": [0], ""range_unroll_factors"": [0], ""range_warp_specializes"": [null], ""reduction_loops"": [null]}",ok,9.216000325977802,0.07462143898010254,1
softmax,SO_004,2048x2048,train,0,heuristics,0,ecba085562a0f716,"{""atomic_indexing"": [], ""block_sizes"": [1], ""indexing"": [""pointer"", ""pointer"", ""tensor_descriptor"", ""pointer"", ""tensor_descriptor"", ""tensor_descriptor""], ""load_eviction_policies"": ["""", ""last"", ""first"", """"], ""num_stages"": 5, ""num_warps"": 4, ""pid_type"": ""flat"", ""range_flattens"": [null], ""range_multi_buffers"": [null], ""range_num_stages"": [0], ""range_unroll_factors"": [0], ""range_warp_specializes"": [null], ""reduction_loops"": [null]}",ok,9.216000325977802,0.06739425659179688,1
softmax,SO_004,2048x2048,train,0,heuristics,0,73ee7ebfcd167c3e,"{""atomic_indexing"": [], ""block_sizes"": [1], ""indexing"": [""pointer"", ""pointer"", ""tensor_descriptor"", ""tensor_descriptor"", ""tensor_descriptor"", ""tensor_descriptor""], ""load_eviction_policies"": [""last"", """", """", ""first""], ""num_stages"": 1, ""num_warps"": 4, ""pid_type"": ""flat"", ""range_flattens"": [null], ""range_multi_buffers"": [null], ""range_num_stages"": [0], ""range_unroll_factors"": [0], ""range_warp_specializes"": [null], ""reduction_loops"": [null]}",ok,9.216000325977802,0.04629063606262207,1
softmax,SO_004,2048x2048,train,0,heuristics,0,6fa900742bf7cad2,"{""atomic_indexing"": [], ""block_sizes"": [1], ""indexing"": [""pointer"", ""tensor_descriptor"", ""pointer"", ""pointer"", ""pointer"", ""pointer""], ""load_eviction_policies"": ["""", ""first"", """", ""last""], ""num_stages"": 2, ""num_warps"": 2, ""pid_type"": ""flat"", ""range_flattens"": [null], ""range_multi_buffers"": [null], ""range_num_stages"": [0], ""range_unroll_factors"": [0], ""range_warp_specializes"": [null], ""reduction_loops"": [null]}",ok,9.216000325977802,0.03897500038146973,1
softmax,SO_004,2048x2048,train,0,heuristics,0,4c8d5c71e5731ce4,"{""atomic_indexing"": [], ""block_sizes"": [1], ""indexing"": [""pointer"", ""tensor_descriptor"", ""tensor_descriptor"", ""pointer"", ""tensor_descriptor"", ""tensor_descriptor""], ""load_eviction_policies"": [""last"", ""first"", ""last"", """"], ""num_stages"": 4, ""num_warps"": 2, ""pid_type"": ""flat"", ""range_flattens"": [null], ""range_multi_buffers"": [null], ""range_num_stages"": [0], ""range_unroll_factors"": [0], ""range_warp_specializes"": [null], ""reduction_loops"": [null]}",ok,9.216000325977802,0.03772115707397461,1
softmax,SO_004,2048x2048,train,0,heuristics,0,8f9244c76278f5d3,"{""atomic_indexing"": [], ""block_sizes"": [1], ""indexing"": [""pointer"", ""pointer"", ""pointer"", ""pointer"", ""pointer"", ""pointer""], ""load_eviction_policies"": ["""", """", """", """"], ""num_stages"": 1, ""num_warps"": 4, ""pid_type"": ""flat"", ""range_flattens"": [null], ""range_multi_buffers"": [null], ""range_num_stages"": [0], ""range_unroll_factors"": [0], ""range_warp_specializes"": [null], ""reduction_loops"": [null]}",ok,9.216000325977802,0.03897738456726074,1
softmax,SO_004,2048x2048,train,0,heuristics,0,736883104fb84b05,"{""atomic_indexing"": [], ""block_sizes"": [8], ""indexing"": [""pointer"", ""pointer"", ""pointer"", ""pointer"", ""pointer"", ""pointer""], ""load_eviction_policies"": ["""", """", """", """"], ""num_stages"": 2, ""num_warps"": 8, ""pid_type"": ""flat"", ""range_flattens"": [null], ""range_multi_buffers"": [null], ""range_num_stages"": [0], ""range_unroll_factors"": [0], ""range_warp_specializes"": [null], ""reduction_loops"": [null]}",ok,11.264000087976456,0.07417535781860352,0
softmax,SO_004,2048x2048,train,0,heuristics,0,02b40432328bb616,"{""atomic_indexing"": [], ""block_sizes"": [16], ""indexing"": [""pointer"", ""pointer"", ""pointer"", ""pointer"", ""pointer"", ""pointer""], ""load_eviction_policies"": ["""", """", """", """"], ""num_stages"": 3, ""num_warps"": 8, ""pid_type"": ""flat"", ""range_flattens"": [null], ""range_multi_buffers"": [null], ""range_num_stages"": [0], ""range_unroll_factors"": [0], ""range_warp_specializes"": [null], ""reduction_loops"": [null]}",ok,11.296000331640244,0.05583310127258301,0
softmax,SO_004,2048x2048,train,0,heuristics,0,a22a4b704ac9c927,"{""atomic_indexing"": [], ""block_sizes"": [4], ""indexing"": [""pointer"", ""pointer"", ""pointer"", ""pointer"", ""pointer"", ""pointer""], ""load_eviction_policies"": ["""", """", """", """"], ""num_sm_multiplier"": 1, ""num_stages"": 2, ""num_warps"": 4, ""pid_type"": ""persistent_blocked"", ""range_flattens"": [null], ""range_multi_buffers"": [null], ""range_num_stages"": [0], ""range_unroll_factors"": [0], ""range_warp_specializes"": [null], ""reduction_loops"": [null]}",ok,15.263999812304974,0.0381007194519043,0
softmax,SO_004,2048x2048,train,0,heuristics,0,db08dbbf6ad57f96,"{""atomic_indexing"": [], ""block_sizes"": [32], ""indexing"": [""tensor_descriptor"", ""tensor_descriptor"", ""tensor_descriptor"", ""tensor_descriptor"", ""tensor_descriptor"", ""tensor_descriptor""], ""load_eviction_policies"": ["""", """", """", """"], ""num_stages"": 2, ""num_warps"": 16, ""pid_type"": ""flat"", ""range_flattens"": [null], ""range_multi_buffers"": [null], ""range_num_stages"": [0], ""range_unroll_factors"": [0], ""range_warp_specializes"": [null], ""reduction_loops"": [null]}",ok,21.536000072956085,0.025753021240234375,0
softmax,SO_004,2048x2048,train,0,heuristics,0,97489e6e5bb2b9e8,"{""atomic_indexing"": [], ""block_sizes"": [2], ""indexing"": [""pointer"", ""pointer"", ""pointer"", ""pointer"", ""pointer"", ""pointer""], ""load_eviction_policies"": ["""", """", """", """"], ""num_stages"": 1, ""num_warps"": 4, ""pid_type"": ""flat"", ""range_flattens"": [null], ""range_multi_buffers"": [null], ""range_num_stages"": [0], ""range_unroll_factors"": [0], ""range_warp_specializes"": [null], ""reduction_loops"": [null]}",ok,9.247999638319016,0.03777313232421875,0
softmax,SO_004,2048x2048,train,1,heuristics,0,b48181f977e3a773,"{""atomic_indexing"": [], ""block_sizes"": [16], ""indexing"": [""tensor_descriptor"", ""tensor_descriptor"", ""pointer"", ""tensor_descriptor"", ""tensor_descriptor"", ""tensor_descriptor""], ""load_eviction_policies"": [""last"", ""first"", """", ""last""], ""num_stages"": 3, ""num_warps"": 16, ""pid_type"": ""flat"", ""range_flattens"": [null], ""range_multi_buffers"": [null], ""range_num_stages"": [0], ""range_unroll_factors"": [0], ""range_warp_specializes"": [null], ""reduction_loops"": [null]}",ok,15.39199985563755,0.4169454574584961,1
softmax,SO_004,2048x2048,train,1,heuristics,0,2eaa47515491baec,"{""atomic_indexing"": [], ""block_sizes"": [4], ""indexing"": [""pointer"", ""tensor_descriptor"", ""tensor_descriptor"", ""tensor_descriptor"", ""pointer"", ""tensor_descriptor""], ""load_eviction_policies"": ["""", """", """", ""last""], ""num_stages"": 7, ""num_warps"": 4, ""pid_type"": ""flat"", ""range_flattens"": [null], ""range_multi_buffers"": [null], ""range_num_stages"": [0], ""range_unroll_factors"": [0], ""range_warp_specializes"": [null], ""reduction_loops"": [null]}",ok,11.296000331640244,0.39858555793762207,1
softmax,SO_004,2048x2048,train,1,heuristics,0,f5217d8ba28efb96,"{""atomic_indexing"": [], ""block_sizes"": [16], ""indexing"": [""pointer"", ""pointer"", ""pointer"", ""tensor_descriptor"", ""pointer"", ""pointer""], ""load_eviction_policies"": [""first"", """", ""last"", ""last""], ""num_stages"": 4, ""num_warps"": 16, ""pid_type"": ""flat"", ""range_flattens"": [null], ""range_multi_buffers"": [null], ""range_num_stages"": [0], ""range_unroll_factors"": [0], ""range_warp_specializes"": [null], ""reduction_loops"": [null]}",ok,11.264000087976456,0.37928223609924316,1
softmax,SO_004,2048x2048,train,1,heuristics,0,2762deffa84c958d,"{""atomic_indexing"": [], ""block_sizes"": [16], ""indexing"": [""tensor_descriptor"", ""pointer"", ""pointer"", ""pointer"", ""pointer"", ""tensor_descriptor""], ""load_eviction_policies"": ["""", ""first"", ""last"", """"], ""num_stages"": 1, ""num_warps"": 16, ""pid_type"": ""flat"", ""range_flattens"": [null], ""range_multi_buffers"": [null], ""range_num_stages"": [0], ""range_unroll_factors"": [0], ""range_warp_specializes"": [null], ""reduction_loops"": [null]}",ok,13.311999849975109,0.3718900680541992,1
softmax,SO_004,2048x2048,train,1,heuristics,0,9075cf58f9bd030f,"{""atomic_indexing"": [], ""block_sizes"": [2], ""indexing"": [""tensor_descriptor"", ""pointer"", ""pointer"", ""tensor_descriptor"", ""pointer"", ""pointer""], ""load_eviction_policies"": [""first"", ""first"", """", """"], ""num_stages"": 5, ""num_warps"": 4, ""pid_type"": ""flat"", ""range_flattens"": [null], ""range_multi_buffers"": [null], ""range_num_stages"": [0], ""range_unroll_factors"": [0], ""range_warp_specializes"": [null], ""reduction_loops"": [null]}",ok,9.247999638319016,0.36447715759277344,1
softmax,SO_004,2048x2048,train,1,heuristics,0,737389bd6928bf84,"{""atomic_indexing"": [], ""block_sizes"": [2], ""indexing"": [""pointer"", ""tensor_descriptor"", ""pointer"", ""pointer"", ""pointer"", ""tensor_descriptor""], ""load_eviction_policies"": [""last"", """", ""first"", ""last""], ""num_stages"": 4, ""num_warps"": 4, ""pid_type"": ""flat"", ""range_flattens"": [null], ""range_multi_buffers"": [null], ""range_num_stages"": [0], ""range_unroll_factors"": [0], ""range_warp_specializes"": [null], ""reduction_loops"": [null]}",ok,9.247999638319016,0.3549468517303467,1
softmax,SO_004,2048x2048,train,1,heuristics,0,37354fe485337843,"{""atomic_indexing"": [], ""block_sizes"": [2], ""indexing"": [""pointer"", ""tensor_descriptor"", ""pointer"", ""pointer"", ""pointer"", ""pointer""], ""load_eviction_policies"": [""last"", ""last"", ""first"", ""first""], ""num_stages"": 7, ""num_warps"": 4, ""pid_type"": ""flat"", ""range_flattens"": [null], ""range_multi_buffers"": [null], ""range_num_stages"": [0], ""range_unroll_factors"": [0], ""range_warp_specializes"": [null], ""reduction_loops"": [null]}",ok,9.247999638319016,0.3472778797149658,1
softmax,SO_004,2048x2048,train,1,heuristics,0,5776fd0ad909b2f2,"{""atomic_indexing"": [], ""block_sizes"": [2], ""indexing"": [""tensor_descriptor"", ""tensor_descriptor"", ""tensor_descriptor"", ""pointer"", ""pointer"", ""pointer""], ""load_eviction_policies"": ["""", ""first"", """", ""last""], ""num_stages"": 4, ""num_warps"": 4, ""pid_type"": ""flat"", ""range_flattens"": [null], ""range_multi_buffers"": [null], ""range_num_stages"": [0], ""range_unroll_factors"": [0], ""range_warp_specializes"": [null], ""reduction_loops"": [null]}",ok,9.247999638319016,0.32790374755859375,1
softmax,SO_004,2048x2048,train,1,heuristics,0,4fbe96db09effbd2,"{""atomic_indexing"": [], ""block_sizes"": [2], ""indexing"": [""pointer"", ""pointer"", ""tensor_descriptor"", ""tensor_descriptor"", ""pointer"", ""pointer""], ""load_eviction_policies"": ["""", ""last"", ""last"", """"], ""num_stages"": 3, ""num_warps"": 4, ""pid_type"": ""flat"", ""range_flattens"": [null], ""range_multi_buffers"": [null], ""range_num_stages"": [0], ""range_unroll_factors"": [0], ""range_warp_specializes"": [null], ""reduction_loops"": [null]}",ok,9.247999638319016,0.3189666271209717,1
softmax,SO_004,2048x2048,train,1,heuristics,0,95e222b5e08b45db,"{""atomic_indexing"": [], ""block_sizes"": [1], ""indexing"": [""pointer"", ""pointer"", ""pointer"", ""pointer"", ""pointer"", ""tensor_descriptor""], ""load_eviction_policies"": ["""", ""last"", """", ""first""], ""num_stages"": 3, ""num_warps"": 4, ""pid_type"": ""flat"", ""range_flattens"": [null], ""range_multi_buffers"": [null], ""range_num_stages"": [0], ""range_unroll_factors"": [0], ""range_warp_specializes"": [null], ""reduction_loops"": [null]}",ok,9.216000325977802,0.30815649032592773,1
softmax,SO_004,2048x2048,train,1,heuristics,0,e7669f72e60d9a55,"{""atomic_indexing"": [], ""block_sizes"": [1], ""indexing"": [""tensor_descriptor"", ""pointer"", ""pointer"", ""pointer"", ""tensor_descriptor"", ""pointer""], ""load_eviction_policies"": ["""", ""first"", """", ""last""], ""num_stages"": 2, ""num_warps"": 4, ""pid_type"": ""flat"", ""range_flattens"": [null], ""range_multi_buffers"": [null], ""range_num_stages"": [0], ""range_unroll_factors"": [0], ""range_warp_specializes"": [null], ""reduction_loops"": [null]}",ok,9.216000325977802,0.2889285087585449,1
softmax,SO_004,2048x2048,train,1,heuristics,0,e808571f5d538fbe,"{""atomic_indexing"": [], ""block_sizes"": [1], ""indexing"": [""tensor_descriptor"", ""tensor_descriptor"", ""tensor_descriptor"", ""pointer"", ""pointer"", ""pointer""], ""load_eviction_policies"": ["""", ""last"", ""last"", """"], ""num_stages"": 3, ""num_warps"": 4, ""pid_type"": ""flat"", ""range_flattens"": [null], ""range_multi_buffers"": [null], ""range_num_stages"": [0], ""range_unroll_factors"": [0], ""range_warp_specializes"": [null], ""reduction_loops"": [null]}",ok,9.216000325977802,0.26977062225341797,1
softmax,SO_004,2048x2048,train,1,heuristics,0,085bea581ac19295,"{""atomic_indexing"": [], ""block_sizes"": [1], ""indexing"": [""pointer"", ""pointer"", ""tensor_descriptor"", ""pointer"", ""pointer"", ""tensor_descriptor""], ""load_eviction_policies"": [""first"", """", """", """"], ""num_stages"": 4, ""num_warps"": 2, ""pid_type"": ""flat"", ""range_flattens"": [null], ""range_multi_buffers"": [null], ""range_num_stages"": [0], ""range_unroll_factors"": [0], ""range_warp_specializes"": [null], ""reduction_loops"": [null]}",ok,9.216000325977802,0.25946807861328125,1
softmax,SO_004,2048x2048,train,1,heuristics,0,1267f42f328081fb,"{""atomic_indexing"": [], ""block_sizes"": [1], ""indexing"": [""pointer"", ""tensor_descriptor"", ""pointer"", ""pointer"", ""tensor_descriptor"", ""pointer""], ""load_eviction_policies"": [""last"", ""last"", """", ""last""], ""num_stages"": 1, ""num_warps"": 2, ""pid_type"": ""flat"", ""range_flattens"": [null], ""range_multi_buffers"": [null], ""range_num_stages"": [0], ""range_unroll_factors"": [0], ""range_warp_specializes"": [null], ""reduction_loops"": [null]}",ok,9.216000325977802,0.24040699005126953,1
softmax,SO_004,2048x2048,train,1,heuristics,0,08179a1f017a849e,"{""atomic_indexing"": [], ""block_sizes"": [1], ""indexing"": [""pointer"", ""tensor_descriptor"", ""pointer"", ""tensor_descriptor"", ""pointer"", ""pointer""], ""load_eviction_policies"": ["""", ""first"", """", """"], ""num_stages"": 1, ""num_warps"": 2, ""pid_type"": ""flat"", ""range_flattens"": [null], ""range_multi_buffers"": [null], ""range_num_stages"": [0], ""range_unroll_factors"": [0], ""range_warp_specializes"": [null], ""reduction_loops"": [null]}",ok,9.216000325977802,0.2304396629333496,1
softmax,SO_004,2048x2048,train,1,heuristics,0,4db99bd1b1fd307f,"{""atomic_indexing"": [], ""block_sizes"": [1], ""indexing"": [""tensor_descriptor"", ""pointer"", ""pointer"", ""pointer"", ""tensor_descriptor"", ""pointer""], ""load_eviction_policies"": [""first"", """", ""last"", ""last""], ""num_stages"": 1, ""num_warps"": 4, ""pid_type"": ""flat"", ""range_flattens"": [null], ""range_multi_buffers"": [null], ""range_num_stages"": [0], ""range_unroll_factors"": [0], ""range_warp_specializes"": [null], ""reduction_loops"": [null]}",ok,9.216000325977802,0.2210679054260254,1
softmax,SO_004,2048x2048,train,1,heuristics,0,e9936258141334eb,"{""atomic_indexing"": [], ""block_sizes"": [1], ""indexing"": [""tensor_descriptor"", ""pointer"", ""pointer"", ""pointer"", ""pointer"", ""tensor_descriptor""], ""load_eviction_policies"": [""first"", ""first"", ""last"", ""last""], ""num_stages"": 4, ""num_warps"": 2, ""pid_type"": ""flat"", ""range_flattens"": [null], ""range_multi_buffers"": [null], ""range_num_stages"": [0], ""range_unroll_factors"": [0], ""range_warp_specializes"": [null], ""reduction_loops"": [null]}",ok,9.216000325977802,0.201829195022583,1
softmax,SO_004,2048x2048,train,1,heuristics,0,434f8e224d142a8b,"{""atomic_indexing"": [], ""block_sizes"": [1], ""indexing"": [""tensor_descriptor"", ""tensor_descriptor"", ""tensor_descriptor"", ""tensor_descriptor"", ""tensor_descriptor"", ""pointer""], ""load_eviction_policies"": ["""", ""first"", """", """"], ""num_stages"": 3, ""num_warps"": 4, ""pid_type"": ""flat"", ""range_flattens"": [null], ""range_multi_buffers"": [null], ""range_num_stages"": [0], ""range_unroll_factors"": [0], ""range_warp_specializes"": [null], ""reduction_loops"": [null]}",ok,9.216000325977802,0.19006919860839844,1
softmax,SO_004,2048x2048,train,1,heuristics,0,68752d78a5f2f718,"{""atomic_indexing"": [], ""block_sizes"": [1], ""indexing"": [""pointer"", ""tensor_descriptor"", ""tensor_descriptor"", ""tensor_descriptor"", ""pointer"", ""tensor_descriptor""], ""load_eviction_policies"": ["""", """", ""last"", """"], ""num_stages"": 5, ""num_warps"": 4, ""pid_type"": ""flat"", ""range_flattens"": [null], ""range_multi_buffers"": [null], ""range_num_stages"": [0], ""range_unroll_factors"": [0], ""range_warp_specializes"": [null], ""reduction_loops"": [null]}",ok,9.247999638319016,0.17106199264526367,1
softmax,SO_004,2048x2048,train,1,heuristics,0,4856eb1714f29c07,"{""atomic_indexing"": [], ""block_sizes"": [1], ""indexing"": [""pointer"", ""pointer"", ""tensor_descriptor"", ""pointer"", ""pointer"", ""pointer""], ""load_eviction_policies"": ["""", ""first"", ""last"", """"], ""num_stages"": 4, ""num_warps"": 4, ""pid_type"": ""flat"", ""range_flattens"": [null], ""range_multi_buffers"": [null], ""range_num_stages"": [0], ""range_unroll_factors"": [0], ""range_warp_specializes"": [null], ""reduction_loops"": [null]}",ok,9.216000325977802,0.1518697738647461,1
softmax,SO_004,2048x2048,train,1,heuristics,0,fc018cf22ed54212,"{""atomic_indexing"": [], ""block_sizes"": [1], ""indexing"": [""pointer"", ""pointer"", ""tensor_descriptor"", ""pointer"", ""tensor_descriptor"", ""pointer""], ""load_eviction_policies"": [""first"", """", ""last"", ""last""], ""num_stages"": 5, ""num_warps"": 4, ""pid_type"": ""flat"", ""range_flattens"": [null], ""range_multi_buffers"": [null], ""range_num_stages"": [0], ""range_unroll_factors"": [0], ""range_warp_specializes"": [null], ""reduction_loops"": [null]}",ok,9.216000325977802,0.14203262329101562,1
softmax,SO_004,2048x2048,train,1,heuristics,0,c74b29bb5044d66d,"{""atomic_indexing"": [], ""block_sizes"": [1], ""indexing"": [""tensor_descriptor"", ""tensor_descriptor"", ""tensor_descriptor"", ""pointer"", ""pointer"", ""pointer""], ""load_eviction_policies"": ["""", ""first"", ""first"", ""first""], ""num_stages"": 8, ""num_warps"": 1, ""pid_type"": ""flat"", ""range_flattens"": [null], ""range_multi_buffers"": [null], ""range_num_stages"": [0], ""range_unroll_factors"": [0], ""range_warp_specializes"": [null], ""reduction_loops"": [null]}",ok,9.216000325977802,0.12263131141662598,1
softmax,SO_004,2048x2048,train,1,heuristics,0,4708becdd7c177b9,"{""atomic_indexing"": [], ""block_sizes"": [1], ""indexing"": [""tensor_descriptor"", ""pointer"", ""pointer"", ""pointer"", ""tensor_descriptor"", ""pointer""], ""load_eviction_policies"": ["""", ""last"", ""first"", """"], ""num_stages"": 4, ""num_warps"": 1, ""pid_type"": ""flat"", ""range_flattens"": [null], ""range_multi_buffers"": [null], ""range_num_stages"": [0], ""range_unroll_factors"": [0], ""range_warp_specializes"": [null], ""reduction_loops"": [null]}",ok,9.247999638319016,0.11281394958496094,1
softmax,SO_004,2048x2048,train,1,heuristics,0,99c5aebdeea9e7c6,"{""atomic_indexing"": [], ""block_sizes"": [1], ""indexing"": [""pointer"", ""pointer"", ""tensor_descriptor"", ""pointer"", ""pointer"", ""tensor_descriptor""], ""load_eviction_policies"": ["""", ""first"", ""last"", ""first""], ""num_stages"": 6, ""num_warps"": 1, ""pid_type"": ""flat"", ""range_flattens"": [null], ""range_multi_buffers"": [null], ""range_num_stages"": [0], ""range_unroll_factors"": [0], ""range_warp_specializes"": [null], ""reduction_loops"": [null]}",ok,9.216000325977802,0.09390115737915039,1
softmax,SO_004,2048x2048,train,1,heuristics,0,5fda1aeabce14faf,"{""atomic_indexing"": [], ""block_sizes"": [1], ""indexing"": [""tensor_descriptor"", ""pointer"", ""pointer"", ""pointer"", ""pointer"", ""tensor_descriptor""], ""load_eviction_policies"": [""first"", ""first"", ""first"", """"], ""num_stages"": 5, ""num_warps"": 1, ""pid_type"": ""flat"", ""range_flattens"": [null], ""range_multi_buffers"": [null], ""range_num_stages"": [0], ""range_unroll_factors"": [0], ""range_warp_specializes"": [null], ""reduction_loops"": [null]}",ok,9.216000325977802,0.08471941947937012,1
softmax,SO_004,2048x2048,train,1,heuristics,0,ecba085562a0f716,"{""atomic_indexing"": [], ""block_sizes"": [1], ""indexing"": [""pointer"", ""pointer"", ""tensor_descriptor"", ""pointer"", ""tensor_descriptor"", ""tensor_descriptor""], ""load_eviction_policies"": ["""", ""last"", ""first"", """"], ""num_stages"": 5, ""num_warps"": 4, ""pid_type"": ""flat"", ""range_flattens"": [null], ""range_multi_buffers"": [null], ""range_num_stages"": [0], ""range_unroll_factors"": [0], ""range_warp_specializes"": [null], ""reduction_loops"": [null]}",ok,9.216000325977802,0.07606363296508789,1
softmax,SO_004,2048x2048,train,1,heuristics,0,73ee7ebfcd167c3e,"{""atomic_indexing"": [], ""block_sizes"": [1], ""indexing"": [""pointer"", ""pointer"", ""tensor_descriptor"", ""tensor_descriptor"", ""tensor_descriptor"", ""tensor_descriptor""], ""load_eviction_policies"": [""last"", """", """", ""first""], ""num_stages"": 1, ""num_warps"": 4, ""pid_type"": ""flat"", ""range_flattens"": [null], ""range_multi_buffers"": [null], ""range_num_stages"": [0], ""range_unroll_factors"": [0], ""range_warp_specializes"": [null], ""reduction_loops"": [null]}",ok,9.216000325977802,0.06034207344055176,1
softmax,SO_004,2048x2048,train,1,heuristics,0,6fa900742bf7cad2,"{""atomic_indexing"": [], ""block_sizes"": [1], ""indexing"": [""pointer"", ""tensor_descriptor"", ""pointer"", ""pointer"", ""pointer"", ""pointer""], ""load_eviction_policies"": ["""", ""first"", """", ""last""], ""num_stages"": 2, ""num_warps"": 2, ""pid_type"": ""flat"", ""range_flattens"": [null], ""range_multi_buffers"": [null], ""range_num_stages"": [0], ""range_unroll_factors"": [0], ""range_warp_specializes"": [null], ""reduction_loops"": [null]}",ok,9.216000325977802,0.04150533676147461,1
softmax,SO_004,2048x2048,train,1,heuristics,0,4c8d5c71e5731ce4,"{""atomic_indexing"": [], ""block_sizes"": [1], ""indexing"": [""pointer"", ""tensor_descriptor"", ""tensor_descriptor"", ""pointer"", ""tensor_descriptor"", ""tensor_descriptor""], ""load_eviction_policies"": [""last"", ""first"", ""last"", """"], ""num_stages"": 4, ""num_warps"": 2, ""pid_type"": ""flat"", ""range_flattens"": [null], ""range_multi_buffers"": [null], ""range_num_stages"": [0], ""range_unroll_factors"": [0], ""range_warp_specializes"": [null], ""reduction_loops"": [null]}",ok,9.216000325977802,0.03542971611022949,1
softmax,SO_004,2048x2048,train,1,heuristics,0,8f9244c76278f5d3,"{""atomic_indexing"": [], ""block_sizes"": [1], ""indexing"": [""pointer"", ""pointer"", ""pointer"", ""pointer"", ""pointer"", ""pointer""], ""load_eviction_policies"": ["""", """", """", """"], ""num_stages"": 1, ""num_warps"": 4, ""pid_type"": ""flat"", ""range_flattens"": [null], ""range_multi_buffers"": [null], ""range_num_stages"": [0], ""range_unroll_factors"": [0], ""range_warp_specializes"": [null], ""reduction_loops"": [null]}",ok,9.216000325977802,0.03768444061279297,1
softmax,SO_004,2048x2048,train,1,heuristics,0,736883104fb84b05,"{""atomic_indexing"": [], ""block_sizes"": [8], ""indexing"": [""pointer"", ""pointer"", ""pointer"", ""pointer"", ""pointer"", ""pointer""], ""load_eviction_policies"": ["""", """", """", """"], ""num_stages"": 2, ""num_warps"": 8, ""pid_type"": ""flat"", ""range_flattens"": [null], ""range_multi_buffers"": [null], ""range_num_stages"": [0], ""range_unroll_factors"": [0], ""range_warp_specializes"": [null], ""reduction_loops"": [null]}",ok,11.264000087976456,0.06859135627746582,0
softmax,SO_004,2048x2048,train,1,heuristics,0,02b40432328bb616,"{""atomic_indexing"": [], ""block_sizes"": [16], ""indexing"": [""pointer"", ""pointer"", ""pointer"", ""pointer"", ""pointer"", ""pointer""], ""load_eviction_policies"": ["""", """", """", """"], ""num_stages"": 3, ""num_warps"": 8, ""pid_type"": ""flat"", ""range_flattens"": [null], ""range_multi_buffers"": [null], ""range_num_stages"": [0], ""range_unroll_factors"": [0], ""range_warp_specializes"": [null], ""reduction_loops"": [null]}",ok,11.296000331640244,0.0503392219543457,0
softmax,SO_004,2048x2048,train,1,heuristics,0,71215fa09945342d,"{""atomic_indexing"": [], ""block_sizes"": [32], ""indexing"": [""pointer"", ""pointer"", ""pointer"", ""pointer"", ""pointer"", ""pointer""], ""load_eviction_policies"": ["""", """", """", """"], ""num_sm_multiplier"": 1, ""num_stages"": 2, ""num_warps"": 16, ""pid_type"": ""persistent_blocked"", ""range_flattens"": [null], ""range_multi_buffers"": [null], ""range_num_stages"": [0], ""range_unroll_factors"": [0], ""range_warp_specializes"": [null], ""reduction_loops"": [null]}",ok,19.487999379634857,0.6162919998168945,0
softmax,SO_004,2048x2048,train,1,heuristics,0,e4502c35120c71a9,"{""atomic_indexing"": [], ""block_sizes"": [4], ""indexing"": [""tensor_descriptor"", ""tensor_descriptor"", ""tensor_descriptor"", ""tensor_descriptor"", ""tensor_descriptor"", ""tensor_descriptor""], ""load_eviction_policies"": ["""", """", """", """"], ""num_stages"": 2, ""num_warps"": 4, ""pid_type"": ""flat"", ""range_flattens"": [null], ""range_multi_buffers"": [null], ""range_num_stages"": [0], ""range_unroll_factors"": [0], ""range_warp_specializes"": [null], ""reduction_loops"": [null]}",ok,11.296000331640244,0.03375363349914551,0
softmax,SO_004,2048x2048,train,1,heuristics,0,97489e6e5bb2b9e8,"{""atomic_indexing"": [], ""block_sizes"": [2], ""indexing"": [""pointer"", ""pointer"", ""pointer"", ""pointer"", ""pointer"", ""pointer""], ""load_eviction_policies"": ["""", """", """", """"], ""num_stages"": 1, ""num_warps"": 4, ""pid_type"": ""flat"", ""range_flattens"": [null], ""range_multi_buffers"": [null], ""range_num_stages"": [0], ""range_unroll_factors"": [0], ""range_warp_specializes"": [null], ""reduction_loops"": [null]}",ok,9.247999638319016,0.0465238094329834,0
softmax,SO_004,2048x2048,train,2,heuristics,0,b48181f977e3a773,"{""atomic_indexing"": [], ""block_sizes"": [16], ""indexing"": [""tensor_descriptor"", ""tensor_descriptor"", ""pointer"", ""tensor_descriptor"", ""tensor_descriptor"", ""tensor_descriptor""], ""load_eviction_policies"": [""last"", ""first"", """", ""last""], ""num_stages"": 3, ""num_warps"": 16, ""pid_type"": ""flat"", ""range_flattens"": [null], ""range_multi_buffers"": [null], ""range_num_stages"": [0], ""range_unroll_factors"": [0], ""range_warp_specializes"": [null], ""reduction_loops"": [null]}",ok,15.39199985563755,0.2780287265777588,1
softmax,SO_004,2048x2048,train,2,heuristics,0,2eaa47515491baec,"{""atomic_indexing"": [], ""block_sizes"": [4], ""indexing"": [""pointer"", ""tensor_descriptor"", ""tensor_descriptor"", ""tensor_descriptor"", ""pointer"", ""tensor_descriptor""], ""load_eviction_policies"": ["""", """", """", ""last""], ""num_stages"": 7, ""num_warps"": 4, ""pid_type"": ""flat"", ""range_flattens"": [null], ""range_multi_buffers"": [null], ""range_num_stages"": [0], ""range_unroll_factors"": [0], ""range_warp_specializes"": [null], ""reduction_loops"": [null]}",ok,11.296000331640244,0.2596011161804199,1
softmax,SO_004,2048x2048,train,2,heuristics,0,f5217d8ba28efb96,"{""atomic_indexing"": [], ""block_sizes"": [16], ""indexing"": [""pointer"", ""pointer"", ""pointer"", ""tensor_descriptor"", ""pointer"", ""pointer""], ""load_eviction_policies"": [""first"", """", ""last"", ""last""], ""num_stages"": 4, ""num_warps"": 16, ""pid_type"": ""flat"", ""range_flattens"": [null], ""range_multi_buffers"": [null], ""range_num_stages"": [0], ""range_unroll_factors"": [0], ""range_warp_specializes"": [null], ""reduction_loops"": [null]}",ok,11.264000087976456,0.24138307571411133,1
softmax,SO_004,2048x2048,train,2,heuristics,0,2762deffa84c958d,"{""atomic_indexing"": [], ""block_sizes"": [16], ""indexing"": [""tensor_descriptor"", ""pointer"", ""pointer"", ""pointer"", ""pointer"", ""tensor_descriptor""], ""load_eviction_policies"": ["""", ""first"", ""last"", """"], ""num_stages"": 1, ""num_warps"": 16, ""pid_type"": ""flat"", ""range_flattens"": [null], ""range_multi_buffers"": [null], ""range_num_stages"": [0], ""range_unroll_factors"": [0], ""range_warp_specializes"": [null], ""reduction_loops"": [null]}",ok,13.311999849975109,0.2341156005859375,1
softmax,SO_004,2048x2048,train,2,heuristics,0,9075cf58f9bd030f,"{""atomic_indexing"": [], ""block_sizes"": [2], ""indexing"": [""tensor_descriptor"", ""pointer"", ""pointer"", ""tensor_descriptor"", ""pointer"", ""pointer""], ""load_eviction_policies"": [""first"", ""first"", """", """"], ""num_stages"": 5, ""num_warps"": 4, ""pid_type"": ""flat"", ""range_flattens"": [null], ""range_multi_buffers"": [null], ""range_num_stages"": [0], ""range_unroll_factors"": [0], ""range_warp_specializes"": [null], ""reduction_loops"": [null]}",ok,9.247999638319016,0.22605228424072266,1
softmax,SO_004,2048x2048,train,2,heuristics,0,737389bd6928bf84,"{""atomic_indexing"": [], ""block_sizes"": [2], ""indexing"": [""pointer"", ""tensor_descriptor"", ""pointer"", ""pointer"", ""pointer"", ""tensor_descriptor""], ""load_eviction_policies"": [""last"", """", ""first"", ""last""], ""num_stages"": 4, ""num_warps"": 4, ""pid_type"": ""flat"", ""range_flattens"": [null], ""range_multi_buffers"": [null], ""range_num_stages"": [0], ""range_unroll_factors"": [0], ""range_warp_specializes"": [null], ""reduction_loops"": [null]}",ok,9.247999638319016,0.2173616886138916,1
softmax,SO_004,2048x2048,train,2,heuristics,0,37354fe485337843,"{""atomic_indexing"": [], ""block_sizes"": [2], ""indexing"": [""pointer"", ""tensor_descriptor"", ""pointer"", ""pointer"", ""pointer"", ""pointer""], ""load_eviction_policies"": [""last"", ""last"", ""first"", ""first""], ""num_stages"": 7, ""num_warps"": 4, ""pid_type"": ""flat"", ""range_flattens"": [null], ""range_multi_buffers"": [null], ""range_num_stages"": [0], ""range_unroll_factors"": [0], ""range_warp_specializes"": [null], ""reduction_loops"": [null]}",ok,9.247999638319016,0.21016550064086914,1
softmax,SO_004,2048x2048,train,2,heuristics,0,5776fd0ad909b2f2,"{""atomic_indexing"": [], ""block_sizes"": [2], ""indexing"": [""tensor_descriptor"", ""tensor_descriptor"", ""tensor_descriptor"", ""pointer"", ""pointer"", ""pointer""], ""load_eviction_policies"": ["""", ""first"", """", ""last""], ""num_stages"": 4, ""num_warps"": 4, ""pid_type"": ""flat"", ""range_flattens"": [null], ""range_multi_buffers"": [null], ""range_num_stages"": [0], ""range_unroll_factors"": [0], ""range_warp_specializes"": [null], ""reduction_loops"": [null]}",ok,9.247999638319016,0.20267057418823242,1
softmax,SO_004,2048x2048,train,2,heuristics,0,4fbe96db09effbd2,"{""atomic_indexing"": [], ""block_sizes"": [2], ""indexing"": [""pointer"", ""pointer"", ""tensor_descriptor"", ""tensor_descriptor"", ""pointer"", ""pointer""], ""load_eviction_policies"": ["""", ""last"", ""last"", """"], ""num_stages"": 3, ""num_warps"": 4, ""pid_type"": ""flat"", ""range_flattens"": [null], ""range_multi_buffers"": [null], ""range_num_stages"": [0], ""range_unroll_factors"": [0], ""range_warp_specializes"": [null], ""reduction_loops"": [null]}",ok,9.247999638319016,0.19518136978149414,1
softmax,SO_004,2048x2048,train,2,heuristics,0,95e222b5e08b45db,"{""atomic_indexing"": [], ""block_sizes"": [1], ""indexing"": [""pointer"", ""pointer"", ""pointer"", ""pointer"", ""pointer"", ""tensor_descriptor""], ""load_eviction_policies"": ["""", ""last"", """", ""first""], ""num_stages"": 3, ""num_warps"": 4, ""pid_type"": ""flat"", ""range_flattens"": [null], ""range_multi_buffers"": [null], ""range_num_stages"": [0], ""range_unroll_factors"": [0], ""range_warp_specializes"": [null], ""reduction_loops"": [null]}",ok,9.216000325977802,0.18759512901306152,1
softmax,SO_004,2048x2048,train,2,heuristics,0,e7669f72e60d9a55,"{""atomic_indexing"": [], ""block_sizes"": [1], ""indexing"": [""tensor_descriptor"", ""pointer"", ""pointer"", ""pointer"", ""tensor_descriptor"", ""pointer""], ""load_eviction_policies"": ["""", ""first"", """", ""last""], ""num_stages"": 2, ""num_warps"": 4, ""pid_type"": ""flat"", ""range_flattens"": [null], ""range_multi_buffers"": [null], ""range_num_stages"": [0], ""range_unroll_factors"": [0], ""range_warp_specializes"": [null], ""reduction_loops"": [null]}",ok,9.247999638319016,0.1802978515625,1
softmax,SO_004,2048x2048,train,2,heuristics,0,e808571f5d538fbe,"{""atomic_indexing"": [], ""block_sizes"": [1], ""indexing"": [""tensor_descriptor"", ""tensor_descriptor"", ""tensor_descriptor"", ""pointer"", ""pointer"", ""pointer""], ""load_eviction_policies"": ["""", ""last"", ""last"", """"], ""num_stages"": 3, ""num_warps"": 4, ""pid_type"": ""flat"", ""range_flattens"": [null], ""range_multi_buffers"": [null], ""range_num_stages"": [0], ""range_unroll_factors"": [0], ""range_warp_specializes"": [null], ""reduction_loops"": [null]}",ok,9.216000325977802,0.1719672679901123,1
softmax,SO_004,2048x2048,train,2,heuristics,0,085bea581ac19295,"{""atomic_indexing"": [], ""block_sizes"": [1], ""indexing"": [""pointer"", ""pointer"", ""tensor_descriptor"", ""pointer"", ""pointer"", ""tensor_descriptor""], ""load_eviction_policies"": [""first"", """", """", """"], ""num_stages"": 4, ""num_warps"": 2, ""pid_type"": ""flat"", ""range_flattens"": [null], ""range_multi_buffers"": [null], ""range_num_stages"": [0], ""range_unroll_factors"": [0], ""range_warp_specializes"": [null], ""reduction_loops"": [null]}",ok,9.216000325977802,0.16226649284362793,1
softmax,SO_004,2048x2048,train,2,heuristics,0,1267f42f328081fb,"{""atomic_indexing"": [], ""block_sizes"": [1], ""indexing"": [""pointer"", ""tensor_descriptor"", ""pointer"", ""pointer"", ""tensor_descriptor"", ""pointer""], ""load_eviction_policies"": [""last"", ""last"", """", ""last""], ""num_stages"": 1, ""num_warps"": 2, ""pid_type"": ""flat"", ""range_flattens"": [null], ""range_multi_buffers"": [null], ""range_num_stages"": [0], ""range_unroll_factors"": [0], ""range_warp_specializes"": [null], ""reduction_loops"": [null]}",ok,9.216000325977802,0.15487122535705566,1
softmax,SO_004,2048x2048,train,2,heuristics,0,08179a1f017a849e,"{""atomic_indexing"": [], ""block_sizes"": [1], ""indexing"": [""pointer"", ""tensor_descriptor"", ""pointer"", ""tensor_descriptor"", ""pointer"", ""pointer""], ""load_eviction_policies"": ["""", ""first"", """", """"], ""num_stages"": 1, ""num_warps"": 2, ""pid_type"": ""flat"", ""range_flattens"": [null], ""range_multi_buffers"": [null], ""range_num_stages"": [0], ""range_unroll_factors"": [0], ""range_warp_specializes"": [null], ""reduction_loops"": [null]}",ok,9.216000325977802,0.13576793670654297,1
softmax,SO_004,2048x2048,train,2,heuristics,0,4db99bd1b1fd307f,"{""atomic_indexing"": [], ""block_sizes"": [1], ""indexing"": [""tensor_descriptor"", ""pointer"", ""pointer"", ""pointer"", ""tensor_descriptor"", ""pointer""], ""load_eviction_policies"": [""first"", """", ""last"", ""last""], ""num_stages"": 1, ""num_warps"": 4, ""pid_type"": ""flat"", ""range_flattens"": [null], ""range_multi_buffers"": [null], ""range_num_stages"": [0], ""range_unroll_factors"": [0], ""range_warp_specializes"": [null], ""reduction_loops"": [null]}",ok,9.216000325977802,0.1272258758544922,1
softmax,SO_004,2048x2048,train,2,heuristics,0,e9936258141334eb,"{""atomic_indexing"": [], ""block_sizes"": [1], ""indexing"": [""tensor_descriptor"", ""pointer"", ""pointer"", ""pointer"", ""pointer"", ""tensor_descriptor""], ""load_eviction_policies"": [""first"", ""first"", ""last"", ""last""], ""num_stages"": 4, ""num_warps"": 2, ""pid_type"": ""flat"", ""range_flattens"": [null], ""range_multi_buffers"": [null], ""range_num_stages"": [0], ""range_unroll_factors"": [0], ""range_warp_specializes"": [null], ""reduction_loops"": [null]}",ok,9.216000325977802,0.11930036544799805,1
softmax,SO_004,2048x2048,train,2,heuristics,0,434f8e224d142a8b,"{""atomic_indexing"": [], ""block_sizes"": [1], ""indexing"": [""tensor_descriptor"", ""tensor_descriptor"", ""tensor_descriptor"", ""tensor_descriptor"", ""tensor_descriptor"", ""pointer""], ""load_eviction_policies"": ["""", ""first"", """", """"], ""num_stages"": 3, ""num_warps"": 4, ""pid_type"": ""flat"", ""range_flattens"": [null], ""range_multi_buffers"": [null], ""range_num_stages"": [0], ""range_unroll_factors"": [0], ""range_warp_specializes"": [null], ""reduction_loops"": [null]}",ok,9.216000325977802,0.11210155487060547,1
softmax,SO_004,2048x2048,train,2,heuristics,0,68752d78a5f2f718,"{""atomic_indexing"": [], ""block_sizes"": [1], ""indexing"": [""pointer"", ""tensor_descriptor"", ""tensor_descriptor"", ""tensor_descriptor"", ""pointer"", ""tensor_descriptor""], ""load_eviction_policies"": ["""", """", ""last"", """"], ""num_stages"": 5, ""num_warps"": 4, ""pid_type"": ""flat"", ""range_flattens"": [null], ""range_multi_buffers"": [null], ""range_num_stages"": [0], ""range_unroll_factors"": [0], ""range_warp_specializes"": [null], ""reduction_loops"": [null]}",ok,9.216000325977802,0.10444998741149902,1
softmax,SO_004,2048x2048,train,2,heuristics,0,4856eb1714f29c07,"{""atomic_indexing"": [], ""block_sizes"": [1], ""indexing"": [""pointer"", ""pointer"", ""tensor_descriptor"", ""pointer"", ""pointer"", ""pointer""], ""load_eviction_policies"": ["""", ""first"", ""last"", """"], ""num_stages"": 4, ""num_warps"": 4, ""pid_type"": ""flat"", ""range_flattens"": [null], ""range_multi_buffers"": [null], ""range_num_stages"": [0], ""range_unroll_factors"": [0], ""range_warp_specializes"": [null], ""reduction_loops"": [null]}",ok,9.216000325977802,0.09714245796203613,1
softmax,SO_004,2048x2048,train,2,heuristics,0,fc018cf22ed54212,"{""atomic_indexing"": [], ""block_sizes"": [1], ""indexing"": [""pointer"", ""pointer"", ""tensor_descriptor"", ""pointer"", ""tensor_descriptor"", ""pointer""], ""load_eviction_policies"": [""first"", """", ""last"", ""last""], ""num_stages"": 5, ""num_warps"": 4, ""pid_type"": ""flat"", ""range_flattens"": [null], ""range_multi_buffers"": [null], ""range_num_stages"": [0], ""range_unroll_factors"": [0], ""range_warp_specializes"": [null], ""reduction_loops"": [null]}",ok,9.216000325977802,0.08858847618103027,1
softmax,SO_004,2048x2048,train,2,heuristics,0,c74b29bb5044d66d,"{""atomic_indexing"": [], ""block_sizes"": [1], ""indexing"": [""tensor_descriptor"", ""tensor_descriptor"", ""tensor_descriptor"", ""pointer"", ""pointer"", ""pointer""], ""load_eviction_policies"": ["""", ""first"", ""first"", ""first""], ""num_stages"": 8, ""num_warps"": 1, ""pid_type"": ""flat"", ""range_flattens"": [null], ""range_multi_buffers"": [null], ""range_num_stages"": [0], ""range_unroll_factors"": [0], ""range_warp_specializes"": [null], ""reduction_loops"": [null]}",ok,9.247999638319016,0.08160591125488281,1
softmax,SO_004,2048x2048,train,2,heuristics,0,4708becdd7c177b9,"{""atomic_indexing"": [], ""block_sizes"": [1], ""indexing"": [""tensor_descriptor"", ""pointer"", ""pointer"", ""pointer"", ""tensor_descriptor"", ""pointer""], ""load_eviction_policies"": ["""", ""last"", ""first"", """"], ""num_stages"": 4, ""num_warps"": 1, ""pid_type"": ""flat"", ""range_flattens"": [null], ""range_multi_buffers"": [null], ""range_num_stages"": [0], ""range_unroll_factors"": [0], ""range_warp_specializes"": [null], ""reduction_loops"": [null]}",ok,9.247999638319016,0.07316160202026367,1
softmax,SO_004,2048x2048,train,2,heuristics,0,99c5aebdeea9e7c6,"{""atomic_indexing"": [], ""block_sizes"": [1], ""indexing"": [""pointer"", ""pointer"", ""tensor_descriptor"", ""pointer"", ""pointer"", ""tensor_descriptor""], ""load_eviction_policies"": ["""", ""first"", ""last"", ""first""], ""num_stages"": 6, ""num_warps"": 1, ""pid_type"": ""flat"", ""range_flattens"": [null], ""range_multi_buffers"": [null], ""range_num_stages"": [0], ""range_unroll_factors"": [0], ""range_warp_specializes"": [null], ""reduction_loops"": [null]}",ok,9.216000325977802,0.06595659255981445,1
softmax,SO_004,2048x2048,train,2,heuristics,0,5fda1aeabce14faf,"{""atomic_indexing"": [], ""block_sizes"": [1], ""indexing"": [""tensor_descriptor"", ""pointer"", ""pointer"", ""pointer"", ""pointer"", ""tensor_descriptor""], ""load_eviction_policies"": [""first"", ""first"", ""first"", """"], ""num_stages"": 5, ""num_warps"": 1, ""pid_type"": ""flat"", ""range_flattens"": [null], ""range_multi_buffers"": [null], ""range_num_stages"": [0], ""range_unroll_factors"": [0], ""range_warp_specializes"": [null], ""reduction_loops"": [null]}",ok,9.216000325977802,0.05883026123046875,1
softmax,SO_004,2048x2048,train,2,heuristics,0,ecba085562a0f716,"{""atomic_indexing"": [], ""block_sizes"": [1], ""indexing"": [""pointer"", ""pointer"", ""tensor_descriptor"", ""pointer"", ""tensor_descriptor"", ""tensor_descriptor""], ""load_eviction_policies"": ["""", ""last"", ""first"", """"], ""num_stages"": 5, ""num_warps"": 4, ""pid_type"": ""flat"", ""range_flattens"": [null], ""range_multi_buffers"": [null], ""range_num_stages"": [0], ""range_unroll_factors"": [0], ""range_warp_specializes"": [null], ""reduction_loops"": [null]}",ok,9.216000325977802,0.04889655113220215,1
softmax,SO_004,2048x2048,train,2,heuristics,0,73ee7ebfcd167c3e,"{""atomic_indexing"": [], ""block_sizes"": [1], ""indexing"": [""pointer"", ""pointer"", ""tensor_descriptor"", ""tensor_descriptor"", ""tensor_descriptor"", ""tensor_descriptor""], ""load_eviction_policies"": [""last"", """", """", ""first""], ""num_stages"": 1, ""num_warps"": 4, ""pid_type"": ""flat"", ""range_flattens"": [null], ""range_multi_buffers"": [null], ""range_num_stages"": [0], ""range_unroll_factors"": [0], ""range_warp_specializes"": [null], ""reduction_loops"": [null]}",ok,9.216000325977802,0.04197883605957031,1
softmax,SO_004,2048x2048,train,2,heuristics,0,6fa900742bf7cad2,"{""atomic_indexing"": [], ""block_sizes"": [1], ""indexing"": [""pointer"", ""tensor_descriptor"", ""pointer"", ""pointer"", ""pointer"", ""pointer""], ""load_eviction_policies"": ["""", ""first"", """", ""last""], ""num_stages"": 2, ""num_warps"": 2, ""pid_type"": ""flat"", ""range_flattens"": [null], ""range_multi_buffers"": [null], ""range_num_stages"": [0], ""range_unroll_factors"": [0], ""range_warp_specializes"": [null], ""reduction_loops"": [null]}",ok,9.216000325977802,0.023591995239257812,1
softmax,SO_004,2048x2048,train,2,heuristics,0,4c8d5c71e5731ce4,"{""atomic_indexing"": [], ""block_sizes"": [1], ""indexing"": [""pointer"", ""tensor_descriptor"", ""tensor_descriptor"", ""pointer"", ""tensor_descriptor"", ""tensor_descriptor""], ""load_eviction_policies"": [""last"", ""first"", ""last"", """"], ""num_stages"": 4, ""num_warps"": 2, ""pid_type"": ""flat"", ""range_flattens"": [null], ""range_multi_buffers"": [null], ""range_num_stages"": [0], ""range_unroll_factors"": [0], ""range_warp_specializes"": [null], ""reduction_loops"": [null]}",ok,9.216000325977802,0.021977663040161133,1
softmax,SO_004,2048x2048,train,2,heuristics,0,8f9244c76278f5d3,"{""atomic_indexing"": [], ""block_sizes"": [1], ""indexing"": [""pointer"", ""pointer"", ""pointer"", ""pointer"", ""pointer"", ""pointer""], ""load_eviction_policies"": ["""", """", """", """"], ""num_stages"": 1, ""num_warps"": 4, ""pid_type"": ""flat"", ""range_flattens"": [null], ""range_multi_buffers"": [null], ""range_num_stages"": [0], ""range_unroll_factors"": [0], ""range_warp_specializes"": [null], ""reduction_loops"": [null]}",ok,9.216000325977802,0.021375179290771484,1
softmax,SO_004,2048x2048,train,2,heuristics,0,6d9e39170044cf11,"{""atomic_indexing"": [], ""block_sizes"": [8], ""indexing"": [""pointer"", ""pointer"", ""pointer"", ""pointer"", ""pointer"", ""pointer""], ""load_eviction_policies"": ["""", """", """", """"], ""num_stages"": 1, ""num_warps"": 4, ""pid_type"": ""flat"", ""range_flattens"": [null], ""range_multi_buffers"": [null], ""range_num_stages"": [0], ""range_unroll_factors"": [0], ""range_warp_specializes"": [null], ""reduction_loops"": [null]}",ok,11.264000087976456,0.03616476058959961,0
softmax,SO_004,2048x2048,train,2,heuristics,0,a1a2a48616d6c8b8,"{""atomic_indexing"": [], ""block_sizes"": [16], ""indexing"": [""pointer"", ""pointer"", ""pointer"", ""pointer"", ""pointer"", ""pointer""], ""load_eviction_policies"": ["""", """", """", """"], ""num_stages"": 2, ""num_warps"": 8, ""pid_type"": ""flat"", ""range_flattens"": [null], ""range_multi_buffers"": [null], ""range_num_stages"": [0], ""range_unroll_factors"": [0], ""range_warp_specializes"": [null], ""reduction_loops"": [null]}",ok,11.296000331640244,0.029003143310546875,0
softmax,SO_004,2048x2048,train,2,heuristics,0,99f1fe04f31b0dd1,"{""atomic_indexing"": [], ""block_sizes"": [32], ""indexing"": [""pointer"", ""pointer"", ""pointer"", ""pointer"", ""pointer"", ""pointer""], ""load_eviction_policies"": ["""", """", """", """"], ""num_sm_multiplier"": 1, ""num_stages"": 3, ""num_warps"": 8, ""pid_type"": ""persistent_blocked"", ""range_flattens"": [null], ""range_multi_buffers"": [null], ""range_num_stages"": [0], ""range_unroll_factors"": [0], ""range_warp_specializes"": [null], ""reduction_loops"": [null]}",ok,19.328000023961067,0.03871464729309082,0
softmax,SO_004,2048x2048,train,2,heuristics,0,5795b7ab83aaef48,"{""atomic_indexing"": [], ""block_sizes"": [4], ""indexing"": [""tensor_descriptor"", ""tensor_descriptor"", ""tensor_descriptor"", ""tensor_descriptor"", ""tensor_descriptor"", ""tensor_descriptor""], ""load_eviction_policies"": ["""", """", """", """"], ""num_stages"": 1, ""num_warps"": 4, ""pid_type"": ""flat"", ""range_flattens"": [null], ""range_multi_buffers"": [null], ""range_num_stages"": [0], ""range_unroll_factors"": [0], ""range_warp_specializes"": [null], ""reduction_loops"": [null]}",ok,11.296000331640244,0.034336090087890625,0
softmax,SO_004,2048x2048,train,2,heuristics,0,92bcc548765eab6a,"{""atomic_indexing"": [], ""block_sizes"": [64], ""indexing"": [""pointer"", ""pointer"", ""pointer"", ""pointer"", ""pointer"", ""pointer""], ""load_eviction_policies"": ["""", """", """", """"], ""num_sm_multiplier"": 1, ""num_stages"": 2, ""num_warps"": 16, ""pid_type"": ""persistent_interleaved"", ""range_flattens"": [null], ""range_multi_buffers"": [null], ""range_num_stages"": [0], ""range_unroll_factors"": [0], ""range_warp_specializes"": [null], ""reduction_loops"": [null]}",ok,50.20799860358238,0.03817439079284668,0
softmax,SO_005,4096x2048,train,0,heuristics,0,b48181f977e3a773,"{""atomic_indexing"": [], ""block_sizes"": [16], ""indexing"": [""tensor_descriptor"", ""tensor_descriptor"", ""pointer"", ""tensor_descriptor"", ""tensor_descriptor"", ""tensor_descriptor""], ""load_eviction_policies"": [""last"", ""first"", """", ""last""], ""num_stages"": 3, ""num_warps"": 16, ""pid_type"": ""flat"", ""range_flattens"": [null], ""range_multi_buffers"": [null], ""range_num_stages"": [0], ""range_unroll_factors"": [0], ""range_warp_specializes"": [null], ""reduction_loops"": [null]}",ok,23.584000766277313,0.3923146724700928,1
softmax,SO_005,4096x2048,train,0,heuristics,0,2eaa47515491baec,"{""atomic_indexing"": [], ""block_sizes"": [4], ""indexing"": [""pointer"", ""tensor_descriptor"", ""tensor_descriptor"", ""tensor_descriptor"", ""pointer"", ""tensor_descriptor""], ""load_eviction_policies"": ["""", """", """", ""last""], ""num_stages"": 7, ""num_warps"": 4, ""pid_type"": ""flat"", ""range_flattens"": [null], ""range_multi_buffers"": [null], ""range_num_stages"": [0], ""range_unroll_factors"": [0], ""range_warp_specializes"": [null], ""reduction_loops"": [null]}",ok,13.344000093638897,0.373046875,1
softmax,SO_005,4096x2048,train,0,heuristics,0,f5217d8ba28efb96,"{""atomic_indexing"": [], ""block_sizes"": [16], ""indexing"": [""pointer"", ""pointer"", ""pointer"", ""tensor_descriptor"", ""pointer"", ""pointer""], ""load_eviction_policies"": [""first"", """", ""last"", ""last""], ""num_stages"": 4, ""num_warps"": 16, ""pid_type"": ""flat"", ""range_flattens"": [null], ""range_multi_buffers"": [null], ""range_num_stages"": [0], ""range_unroll_factors"": [0], ""range_warp_specializes"": [null], ""reduction_loops"": [null]}",ok,17.44000054895878,0.3549816608428955,1
softmax,SO_005,4096x2048,train,0,heuristics,0,2762deffa84c958d,"{""atomic_indexing"": [], ""block_sizes"": [16], ""indexing"": [""tensor_descriptor"", ""pointer"", ""pointer"", ""pointer"", ""pointer"", ""tensor_descriptor""], ""load_eviction_policies"": ["""", ""first"", ""last"", """"], ""num_stages"": 1, ""num_warps"": 16, ""pid_type"": ""flat"", ""range_flattens"": [null], ""range_multi_buffers"": [null], ""range_num_stages"": [0], ""range_unroll_factors"": [0], ""range_warp_specializes"": [null], ""reduction_loops"": [null]}",ok,19.487999379634857,0.34681081771850586,1
softmax,SO_005,4096x2048,train,0,heuristics,0,9075cf58f9bd030f,"{""atomic_indexing"": [], ""block_sizes"": [2], ""indexing"": [""tensor_descriptor"", ""pointer"", ""pointer"", ""tensor_descriptor"", ""pointer"", ""pointer""], ""load_eviction_policies"": [""first"", ""first"", """", """"], ""num_stages"": 5, ""num_warps"": 4, ""pid_type"": ""flat"", ""range_flattens"": [null], ""range_multi_buffers"": [null], ""range_num_stages"": [0], ""range_unroll_factors"": [0], ""range_warp_specializes"": [null], ""reduction_loops"": [null]}",ok,13.344000093638897,0.33818721771240234,1
softmax,SO_005,4096x2048,train,0,heuristics,0,737389bd6928bf84,"{""atomic_indexing"": [], ""block_sizes"": [2], ""indexing"": [""pointer"", ""tensor_descriptor"", ""pointer"", ""pointer"", ""pointer"", ""tensor_descriptor""], ""load_eviction_policies"": [""last"", """", ""first"", ""last""], ""num_stages"": 4, ""num_warps"": 4, ""pid_type"": ""flat"", ""range_flattens"": [null], ""range_multi_buffers"": [null], ""range_num_stages"": [0], ""range_unroll_factors"": [0], ""range_warp_specializes"": [null], ""reduction_loops"": [null]}",ok,13.344000093638897,0.31939697265625,1
softmax,SO_005,4096x2048,train,0,heuristics,0,37354fe485337843,"{""atomic_indexing"": [], ""block_sizes"": [2], ""indexing"": [""pointer"", ""tensor_descriptor"", ""pointer"", ""pointer"", ""pointer"", ""pointer""], ""load_eviction_policies"": [""last"", ""last"", ""first"", ""first""], ""num_stages"": 7, ""num_warps"": 4, ""pid_type"": ""flat"", ""range_flattens"": [null], ""range_multi_buffers"": [null], ""range_num_stages"": [0], ""range_unroll_factors"": [0], ""range_warp_specializes"": [null], ""reduction_loops"": [null]}",ok,13.344000093638897,0.30788230895996094,1
softmax,SO_005,4096x2048,train,0,heuristics,0,5776fd0ad909b2f2,"{""atomic_indexing"": [], ""block_sizes"": [2], ""indexing"": [""tensor_descriptor"", ""tensor_descriptor"", ""tensor_descriptor"", ""pointer"", ""pointer"", ""pointer""], ""load_eviction_policies"": ["""", ""first"", """", ""last""], ""num_stages"": 4, ""num_warps"": 4, ""pid_type"": ""flat"", ""range_flattens"": [null], ""range_multi_buffers"": [null], ""range_num_stages"": [0], ""range_unroll_factors"": [0], ""range_warp_specializes"": [null], ""reduction_loops"": [null]}",ok,13.344000093638897,0.28874778747558594,1
softmax,SO_005,4096x2048,train,0,heuristics,0,4fbe96db09effbd2,"{""atomic_indexing"": [], ""block_sizes"": [2], ""indexing"": [""pointer"", ""pointer"", ""tensor_descriptor"", ""tensor_descriptor"", ""pointer"", ""pointer""], ""load_eviction_policies"": ["""", ""last"", ""last"", """"], ""num_stages"": 3, ""num_warps"": 4, ""pid_type"": ""flat"", ""range_flattens"": [null], ""range_multi_buffers"": [null], ""range_num_stages"": [0], ""range_unroll_factors"": [0], ""range_warp_specializes"": [null], ""reduction_loops"": [null]}",ok,13.344000093638897,0.2747490406036377,1
softmax,SO_005,4096x2048,train,0,heuristics,0,95e222b5e08b45db,"{""atomic_indexing"": [], ""block_sizes"": [1], ""indexing"": [""pointer"", ""pointer"", ""pointer"", ""pointer"", ""pointer"", ""tensor_descriptor""], ""load_eviction_policies"": ["""", ""last"", """", ""first""], ""num_stages"": 3, ""num_warps"": 4, ""pid_type"": ""flat"", ""range_flattens"": [null], ""range_multi_buffers"": [null], ""range_num_stages"": [0], ""range_unroll_factors"": [0], ""range_warp_specializes"": [null], ""reduction_loops"": [null]}",ok,13.344000093638897,0.2661287784576416,1
softmax,SO_005,4096x2048,train,0,heuristics,0,e7669f72e60d9a55,"{""atomic_indexing"": [], ""block_sizes"": [1], ""indexing"": [""tensor_descriptor"", ""pointer"", ""pointer"", ""pointer"", ""tensor_descriptor"", ""pointer""], ""load_eviction_policies"": ["""", ""first"", """", ""last""], ""num_stages"": 2, ""num_warps"": 4, ""pid_type"": ""flat"", ""range_flattens"": [null], ""range_multi_buffers"": [null], ""range_num_stages"": [0], ""range_unroll_factors"": [0], ""range_warp_specializes"": [null], ""reduction_loops"": [null]}",ok,13.344000093638897,0.2581787109375,1
softmax,SO_005,4096x2048,train,0,heuristics,0,e808571f5d538fbe,"{""atomic_indexing"": [], ""block_sizes"": [1], ""indexing"": [""tensor_descriptor"", ""tensor_descriptor"", ""tensor_descriptor"", ""pointer"", ""pointer"", ""pointer""], ""load_eviction_policies"": ["""", ""last"", ""last"", """"], ""num_stages"": 3, ""num_warps"": 4, ""pid_type"": ""flat"", ""range_flattens"": [null], ""range_multi_buffers"": [null], ""range_num_stages"": [0], ""range_unroll_factors"": [0], ""range_warp_specializes"": [null], ""reduction_loops"": [null]}",ok,13.311999849975109,0.25009894371032715,1
softmax,SO_005,4096x2048,train,0,heuristics,0,085bea581ac19295,"{""atomic_indexing"": [], ""block_sizes"": [1], ""indexing"": [""pointer"", ""pointer"", ""tensor_descriptor"", ""pointer"", ""pointer"", ""tensor_descriptor""], ""load_eviction_policies"": [""first"", """", """", """"], ""num_stages"": 4, ""num_warps"": 2, ""pid_type"": ""flat"", ""range_flattens"": [null], ""range_multi_buffers"": [null], ""range_num_stages"": [0], ""range_unroll_factors"": [0], ""range_warp_specializes"": [null], ""reduction_loops"": [null]}",ok,11.327999643981457,0.230912446975708,1
softmax,SO_005,4096x2048,train,0,heuristics,0,1267f42f328081fb,"{""atomic_indexing"": [], ""block_sizes"": [1], ""indexing"": [""pointer"", ""tensor_descriptor"", ""pointer"", ""pointer"", ""tensor_descriptor"", ""pointer""], ""load_eviction_policies"": [""last"", ""last"", """", ""last""], ""num_stages"": 1, ""num_warps"": 2, ""pid_type"": ""flat"", ""range_flattens"": [null], ""range_multi_buffers"": [null], ""range_num_stages"": [0], ""range_unroll_factors"": [0], ""range_warp_specializes"": [null], ""reduction_loops"": [null]}",ok,11.359999887645245,0.21199631690979004,1
softmax,SO_005,4096x2048,train,0,heuristics,0,08179a1f017a849e,"{""atomic_indexing"": [], ""block_sizes"": [1], ""indexing"": [""pointer"", ""tensor_descriptor"", ""pointer"", ""tensor_descriptor"", ""pointer"", ""pointer""], ""load_eviction_policies"": ["""", ""first"", """", """"], ""num_stages"": 1, ""num_warps"": 2, ""pid_type"": ""flat"", ""range_flattens"": [null], ""range_multi_buffers"": [null], ""range_num_stages"": [0], ""range_unroll_factors"": [0], ""range_warp_specializes"": [null], ""reduction_loops"": [null]}",ok,13.21600005030632,0.20285391807556152,1
softmax,SO_005,4096x2048,train,0,heuristics,0,4db99bd1b1fd307f,"{""atomic_indexing"": [], ""block_sizes"": [1], ""indexing"": [""tensor_descriptor"", ""pointer"", ""pointer"", ""pointer"", ""tensor_descriptor"", ""pointer""], ""load_eviction_policies"": [""first"", """", ""last"", ""last""], ""num_stages"": 1, ""num_warps"": 4, ""pid_type"": ""flat"", ""range_flattens"": [null], ""range_multi_buffers"": [null], ""range_num_stages"": [0], ""range_unroll_factors"": [0], ""range_warp_specializes"": [null], ""reduction_loops"": [null]}",ok,13.344000093638897,0.1929490566253662,1
softmax,SO_005,4096x2048,train,0,heuristics,0,e9936258141334eb,"{""atomic_indexing"": [], ""block_sizes"": [1], ""indexing"": [""tensor_descriptor"", ""pointer"", ""pointer"", ""pointer"", ""pointer"", ""tensor_descriptor""], ""load_eviction_policies"": [""first"", ""first"", ""last"", ""last""], ""num_stages"": 4, ""num_warps"": 2, ""pid_type"": ""flat"", ""range_flattens"": [null], ""range_multi_buffers"": [null], ""range_num_stages"": [0], ""range_unroll_factors"": [0], ""range_warp_specializes"": [null], ""reduction_loops"": [null]}",ok,11.327999643981457,0.1755220890045166,1
softmax,SO_005,4096x2048,train,0,heuristics,0,434f8e224d142a8b,"{""atomic_indexing"": [], ""block_sizes"": [1], ""indexing"": [""tensor_descriptor"", ""tensor_descriptor"", ""tensor_descriptor"", ""tensor_descriptor"", ""tensor_descriptor"", ""pointer""], ""load_eviction_policies"": ["""", ""first"", """", """"], ""num_stages"": 3, ""num_warps"": 4, ""pid_type"": ""flat"", ""range_flattens"": [null], ""range_multi_buffers"": [null], ""range_num_stages"": [0], ""range_unroll_factors"": [0], ""range_warp_specializes"": [null], ""reduction_loops"": [null]}",ok,13.344000093638897,0.15512466430664062,1
softmax,SO_005,4096x2048,train,0,heuristics,0,68752d78a5f2f718,"{""atomic_indexing"": [], ""block_sizes"": [1], ""indexing"": [""pointer"", ""tensor_descriptor"", ""tensor_descriptor"", ""tensor_descriptor"", ""pointer"", ""tensor_descriptor""], ""load_eviction_policies"": ["""", """", ""last"", """"], ""num_stages"": 5, ""num_warps"": 4, ""pid_type"": ""flat"", ""range_flattens"": [null], ""range_multi_buffers"": [null], ""range_num_stages"": [0], ""range_unroll_factors"": [0], ""range_warp_specializes"": [null], ""reduction_loops"": [null]}",ok,13.344000093638897,0.13623976707458496,1
softmax,SO_005,4096x2048,train,0,heuristics,0,4856eb1714f29c07,"{""atomic_indexing"": [], ""block_sizes"": [1], ""indexing"": [""pointer"", ""pointer"", ""tensor_descriptor"", ""pointer"", ""pointer"", ""pointer""], ""load_eviction_policies"": ["""", ""first"", ""last"", """"], ""num_stages"": 4, ""num_warps"": 4, ""pid_type"": ""flat"", ""range_flattens"": [null], ""range_multi_buffers"": [null], ""range_num_stages"": [0], ""range_unroll_factors"": [0], ""range_warp_specializes"": [null], ""reduction_loops"": [null]}",ok,13.344000093638897,0.12595534324645996,1
softmax,SO_005,4096x2048,train,0,heuristics,0,fc018cf22ed54212,"{""atomic_indexing"": [], ""block_sizes"": [1], ""indexing"": [""pointer"", ""pointer"", ""tensor_descriptor"", ""pointer"", ""tensor_descriptor"", ""pointer""], ""load_eviction_policies"": [""first"", """", ""last"", ""last""], ""num_stages"": 5, ""num_warps"": 4, ""pid_type"": ""flat"", ""range_flattens"": [null], ""range_multi_buffers"": [null], ""range_num_stages"": [0], ""range_unroll_factors"": [0], ""range_warp_specializes"": [null], ""reduction_loops"": [null]}",ok,13.344000093638897,0.10945343971252441,1
softmax,SO_005,4096x2048,train,0,heuristics,0,c74b29bb5044d66d,"{""atomic_indexing"": [], ""block_sizes"": [1], ""indexing"": [""tensor_descriptor"", ""tensor_descriptor"", ""tensor_descriptor"", ""pointer"", ""pointer"", ""pointer""], ""load_eviction_policies"": ["""", ""first"", ""first"", ""first""], ""num_stages"": 8, ""num_warps"": 1, ""pid_type"": ""flat"", ""range_flattens"": [null], ""range_multi_buffers"": [null], ""range_num_stages"": [0], ""range_unroll_factors"": [0], ""range_warp_specializes"": [null], ""reduction_loops"": [null]}",ok,13.344000093638897,0.09824514389038086,1
softmax,SO_005,4096x2048,train,0,heuristics,0,4708becdd7c177b9,"{""atomic_indexing"": [], ""block_sizes"": [1], ""indexing"": [""tensor_descriptor"", ""pointer"", ""pointer"", ""pointer"", ""tensor_descriptor"", ""pointer""], ""load_eviction_policies"": ["""", ""last"", ""first"", """"], ""num_stages"": 4, ""num_warps"": 1, ""pid_type"": ""flat"", ""range_flattens"": [null], ""range_multi_buffers"": [null], ""range_num_stages"": [0], ""range_unroll_factors"": [0], ""range_warp_specializes"": [null], ""reduction_loops"": [null]}",ok,13.344000093638897,0.0891122817993164,1
softmax,SO_005,4096x2048,train,0,heuristics,0,99c5aebdeea9e7c6,"{""atomic_indexing"": [], ""block_sizes"": [1], ""indexing"": [""pointer"", ""pointer"", ""tensor_descriptor"", ""pointer"", ""pointer"", ""tensor_descriptor""], ""load_eviction_policies"": ["""", ""first"", ""last"", ""first""], ""num_stages"": 6, ""num_warps"": 1, ""pid_type"": ""flat"", ""range_flattens"": [null], ""range_multi_buffers"": [null], ""range_num_stages"": [0], ""range_unroll_factors"": [0], ""range_warp_specializes"": [null], ""reduction_loops"": [null]}",ok,13.344000093638897,0.08059859275817871,1
softmax,SO_005,4096x2048,train,0,heuristics,0,5fda1aeabce14faf,"{""atomic_indexing"": [], ""block_sizes"": [1], ""indexing"": [""tensor_descriptor"", ""pointer"", ""pointer"", ""pointer"", ""pointer"", ""tensor_descriptor""], ""load_eviction_policies"": [""first"", ""first"", ""first"", """"], ""num_stages"": 5, ""num_warps"": 1, ""pid_type"": ""flat"", ""range_flattens"": [null], ""range_multi_buffers"": [null], ""range_num_stages"": [0], ""range_unroll_factors"": [0], ""range_warp_specializes"": [null], ""reduction_loops"": [null]}",ok,13.344000093638897,0.07172894477844238,1
softmax,SO_005,4096x2048,train,0,heuristics,0,ecba085562a0f716,"{""atomic_indexing"": [], ""block_sizes"": [1], ""indexing"": [""pointer"", ""pointer"", ""tensor_descriptor"", ""pointer"", ""tensor_descriptor"", ""tensor_descriptor""], ""load_eviction_policies"": ["""", ""last"", ""first"", """"], ""num_stages"": 5, ""num_warps"": 4, ""pid_type"": ""flat"", ""range_flattens"": [null], ""range_multi_buffers"": [null], ""range_num_stages"": [0], ""range_unroll_factors"": [0], ""range_warp_specializes"": [null], ""reduction_loops"": [null]}",ok,13.344000093638897,0.06227684020996094,1
softmax,SO_005,4096x2048,train,0,heuristics,0,73ee7ebfcd167c3e,"{""atomic_indexing"": [], ""block_sizes"": [1], ""indexing"": [""pointer"", ""pointer"", ""tensor_descriptor"", ""tensor_descriptor"", ""tensor_descriptor"", ""tensor_descriptor""], ""load_eviction_policies"": [""last"", """", """", ""first""], ""num_stages"": 1, ""num_warps"": 4, ""pid_type"": ""flat"", ""range_flattens"": [null], ""range_multi_buffers"": [null], ""range_num_stages"": [0], ""range_unroll_factors"": [0], ""range_warp_specializes"": [null], ""reduction_loops"": [null]}",ok,13.344000093638897,0.04403877258300781,1
softmax,SO_005,4096x2048,train,0,heuristics,0,6fa900742bf7cad2,"{""atomic_indexing"": [], ""block_sizes"": [1], ""indexing"": [""pointer"", ""tensor_descriptor"", ""pointer"", ""pointer"", ""pointer"", ""pointer""], ""load_eviction_policies"": ["""", ""first"", """", ""last""], ""num_stages"": 2, ""num_warps"": 2, ""pid_type"": ""flat"", ""range_flattens"": [null], ""range_multi_buffers"": [null], ""range_num_stages"": [0], ""range_unroll_factors"": [0], ""range_warp_specializes"": [null], ""reduction_loops"": [null]}",ok,11.440000031143427,0.03539729118347168,1
softmax,SO_005,4096x2048,train,0,heuristics,0,4c8d5c71e5731ce4,"{""atomic_indexing"": [], ""block_sizes"": [1], ""indexing"": [""pointer"", ""tensor_descriptor"", ""tensor_descriptor"", ""pointer"", ""tensor_descriptor"", ""tensor_descriptor""], ""load_eviction_policies"": [""last"", ""first"", ""last"", """"], ""num_stages"": 4, ""num_warps"": 2, ""pid_type"": ""flat"", ""range_flattens"": [null], ""range_multi_buffers"": [null], ""range_num_stages"": [0], ""range_unroll_factors"": [0], ""range_warp_specializes"": [null], ""reduction_loops"": [null]}",ok,11.327999643981457,0.027097702026367188,1
softmax,SO_005,4096x2048,train,0,heuristics,0,8f9244c76278f5d3,"{""atomic_indexing"": [], ""block_sizes"": [1], ""indexing"": [""pointer"", ""pointer"", ""pointer"", ""pointer"", ""pointer"", ""pointer""], ""load_eviction_policies"": ["""", """", """", """"], ""num_stages"": 1, ""num_warps"": 4, ""pid_type"": ""flat"", ""range_flattens"": [null], ""range_multi_buffers"": [null], ""range_num_stages"": [0], ""range_unroll_factors"": [0], ""range_warp_specializes"": [null], ""reduction_loops"": [null]}",ok,13.344000093638897,0.04453158378601074,1
softmax,SO_005,4096x2048,train,1,heuristics,0,b48181f977e3a773,"{""atomic_indexing"": [], ""block_sizes"": [16], ""indexing"": [""tensor_descriptor"", ""tensor_descriptor"", ""pointer"", ""tensor_descriptor"", ""tensor_descriptor"", ""tensor_descriptor""], ""load_eviction_policies"": [""last"", ""first"", """", ""last""], ""num_stages"": 3, ""num_warps"": 16, ""pid_type"": ""flat"", ""range_flattens"": [null], ""range_multi_buffers"": [null], ""range_num_stages"": [0], ""range_unroll_factors"": [0], ""range_warp_specializes"": [null], ""reduction_loops"": [null]}",ok,25.631999596953392,0.3753931522369385,1
softmax,SO_005,4096x2048,train,1,heuristics,0,2eaa47515491baec,"{""atomic_indexing"": [], ""block_sizes"": [4], ""indexing"": [""pointer"", ""tensor_descriptor"", ""tensor_descriptor"", ""tensor_descriptor"", ""pointer"", ""tensor_descriptor""], ""load_eviction_policies"": ["""", """", """", ""last""], ""num_stages"": 7, ""num_warps"": 4, ""pid_type"": ""flat"", ""range_flattens"": [null], ""range_multi_buffers"": [null], ""range_num_stages"": [0], ""range_unroll_factors"": [0], ""range_warp_specializes"": [null], ""reduction_loops"": [null]}",ok,15.39199985563755,0.3542170524597168,1
softmax,SO_005,4096x2048,train,1,heuristics,0,f5217d8ba28efb96,"{""atomic_indexing"": [], ""block_sizes"": [16], ""indexing"": [""pointer"", ""pointer"", ""pointer"", ""tensor_descriptor"", ""pointer"", ""pointer""], ""load_eviction_policies"": [""first"", """", ""last"", ""last""], ""num_stages"": 4, ""num_warps"": 16, ""pid_type"": ""flat"", ""range_flattens"": [null], ""range_multi_buffers"": [null], ""range_num_stages"": [0], ""range_unroll_factors"": [0], ""range_warp_specializes"": [null], ""reduction_loops"": [null]}",ok,19.45599913597107,0.3344135284423828,1
softmax,SO_005,4096x2048,train,1,heuristics,0,2762deffa84c958d,"{""atomic_indexing"": [], ""block_sizes"": [16], ""indexing"": [""tensor_descriptor"", ""pointer"", ""pointer"", ""pointer"", ""pointer"", ""tensor_descriptor""], ""load_eviction_policies"": ["""", ""first"", ""last"", """"], ""num_stages"": 1, ""num_warps"": 16, ""pid_type"": ""flat"", ""range_flattens"": [null], ""range_multi_buffers"": [null], ""range_num_stages"": [0], ""range_unroll_factors"": [0], ""range_warp_specializes"": [null], ""reduction_loops"": [null]}",ok,21.536000072956085,0.3267788887023926,1
softmax,SO_005,4096x2048,train,1,heuristics,0,9075cf58f9bd030f,"{""atomic_indexing"": [], ""block_sizes"": [2], ""indexing"": [""tensor_descriptor"", ""pointer"", ""pointer"", ""tensor_descriptor"", ""pointer"", ""pointer""], ""load_eviction_policies"": [""first"", ""first"", """", """"], ""num_stages"": 5, ""num_warps"": 4, ""pid_type"": ""flat"", ""range_flattens"": [null], ""range_multi_buffers"": [null], ""range_num_stages"": [0], ""range_unroll_factors"": [0], ""range_warp_specializes"": [null], ""reduction_loops"": [null]}",ok,13.376000337302685,0.31657838821411133,1
softmax,SO_005,4096x2048,train,1,heuristics,0,737389bd6928bf84,"{""atomic_indexing"": [], ""block_sizes"": [2], ""indexing"": [""pointer"", ""tensor_descriptor"", ""pointer"", ""pointer"", ""pointer"", ""tensor_descriptor""], ""load_eviction_policies"": [""last"", """", ""first"", ""last""], ""num_stages"": 4, ""num_warps"": 4, ""pid_type"": ""flat"", ""range_flattens"": [null], ""range_multi_buffers"": [null], ""range_num_stages"": [0], ""range_unroll_factors"": [0], ""range_warp_specializes"": [null], ""reduction_loops"": [null]}",ok,13.344000093638897,0.2965409755706787,1
softmax,SO_005,4096x2048,train,1,heuristics,0,37354fe485337843,"{""atomic_indexing"": [], ""block_sizes"": [2], ""indexing"": [""pointer"", ""tensor_descriptor"", ""pointer"", ""pointer"", ""pointer"", ""pointer""], ""load_eviction_policies"": [""last"", ""last"", ""first"", ""first""], ""num_stages"": 7, ""num_warps"": 4, ""pid_type"": ""flat"", ""range_flattens"": [null], ""range_multi_buffers"": [null], ""range_num_stages"": [0], ""range_unroll_factors"": [0], ""range_warp_specializes"": [null], ""reduction_loops"": [null]}",ok,13.344000093638897,0.2868621349334717,1
softmax,SO_005,4096x2048,train,1,heuristics,0,5776fd0ad909b2f2,"{""atomic_indexing"": [], ""block_sizes"": [2], ""indexing"": [""tensor_descriptor"", ""tensor_descriptor"", ""tensor_descriptor"", ""pointer"", ""pointer"", ""pointer""], ""load_eviction_policies"": ["""", ""first"", """", ""last""], ""num_stages"": 4, ""num_warps"": 4, ""pid_type"": ""flat"", ""range_flattens"": [null], ""range_multi_buffers"": [null], ""range_num_stages"": [0], ""range_unroll_factors"": [0], ""range_warp_specializes"": [null], ""reduction_loops"": [null]}",ok,13.344000093638897,0.2664356231689453,1
softmax,SO_005,4096x2048,train,1,heuristics,0,4fbe96db09effbd2,"{""atomic_indexing"": [], ""block_sizes"": [2], ""indexing"": [""pointer"", ""pointer"", ""tensor_descriptor"", ""tensor_descriptor"", ""pointer"", ""pointer""], ""load_eviction_policies"": ["""", ""last"", ""last"", """"], ""num_stages"": 3, ""num_warps"": 4, ""pid_type"": ""flat"", ""range_flattens"": [null], ""range_multi_buffers"": [null], ""range_num_stages"": [0], ""range_unroll_factors"": [0], ""range_warp_specializes"": [null], ""reduction_loops"": [null]}",ok,13.344000093638897,0.24448871612548828,1
softmax,SO_005,4096x2048,train,1,heuristics,0,95e222b5e08b45db,"{""atomic_indexing"": [], ""block_sizes"": [1], ""indexing"": [""pointer"", ""pointer"", ""pointer"", ""pointer"", ""pointer"", ""tensor_descriptor""], ""load_eviction_policies"": ["""", ""last"", """", ""first""], ""num_stages"": 3, ""num_warps"": 4, ""pid_type"": ""flat"", ""range_flattens"": [null], ""range_multi_buffers"": [null], ""range_num_stages"": [0], ""range_unroll_factors"": [0], ""range_warp_specializes"": [null], ""reduction_loops"": [null]}",ok,13.344000093638897,0.23337507247924805,1
softmax,SO_005,4096x2048,train,1,heuristics,0,e7669f72e60d9a55,"{""atomic_indexing"": [], ""block_sizes"": [1], ""indexing"": [""tensor_descriptor"", ""pointer"", ""pointer"", ""pointer"", ""tensor_descriptor"", ""pointer""], ""load_eviction_policies"": ["""", ""first"", """", ""last""], ""num_stages"": 2, ""num_warps"": 4, ""pid_type"": ""flat"", ""range_flattens"": [null], ""range_multi_buffers"": [null], ""range_num_stages"": [0], ""range_unroll_factors"": [0], ""range_warp_specializes"": [null], ""reduction_loops"": [null]}",ok,13.344000093638897,0.2249767780303955,1
softmax,SO_005,4096x2048,train,1,heuristics,0,e808571f5d538fbe,"{""atomic_indexing"": [], ""block_sizes"": [1], ""indexing"": [""tensor_descriptor"", ""tensor_descriptor"", ""tensor_descriptor"", ""pointer"", ""pointer"", ""pointer""], ""load_eviction_policies"": ["""", ""last"", ""last"", """"], ""num_stages"": 3, ""num_warps"": 4, ""pid_type"": ""flat"", ""range_flattens"": [null], ""range_multi_buffers"": [null], ""range_num_stages"": [0], ""range_unroll_factors"": [0], ""range_warp_specializes"": [null], ""reduction_loops"": [null]}",ok,13.344000093638897,0.21642661094665527,1
softmax,SO_005,4096x2048,train,1,heuristics,0,085bea581ac19295,"{""atomic_indexing"": [], ""block_sizes"": [1], ""indexing"": [""pointer"", ""pointer"", ""tensor_descriptor"", ""pointer"", ""pointer"", ""tensor_descriptor""], ""load_eviction_policies"": [""first"", """", """", """"], ""num_stages"": 4, ""num_warps"": 2, ""pid_type"": ""flat"", ""range_flattens"": [null], ""range_multi_buffers"": [null], ""range_num_stages"": [0], ""range_unroll_factors"": [0], ""range_warp_specializes"": [null], ""reduction_loops"": [null]}",ok,11.327999643981457,0.2040555477142334,1
softmax,SO_005,4096x2048,train,1,heuristics,0,1267f42f328081fb,"{""atomic_indexing"": [], ""block_sizes"": [1], ""indexing"": [""pointer"", ""tensor_descriptor"", ""pointer"", ""pointer"", ""tensor_descriptor"", ""pointer""], ""load_eviction_policies"": [""last"", ""last"", """", ""last""], ""num_stages"": 1, ""num_warps"": 2, ""pid_type"": ""flat"", ""range_flattens"": [null], ""range_multi_buffers"": [null], ""range_num_stages"": [0], ""range_unroll_factors"": [0], ""range_warp_specializes"": [null], ""reduction_loops"": [null]}",ok,11.327999643981457,0.19269466400146484,1
softmax,SO_005,4096x2048,train,1,heuristics,0,08179a1f017a849e,"{""atomic_indexing"": [], ""block_sizes"": [1], ""indexing"": [""pointer"", ""tensor_descriptor"", ""pointer"", ""tensor_descriptor"", ""pointer"", ""pointer""], ""load_eviction_policies"": ["""", ""first"", """", """"], ""num_stages"": 1, ""num_warps"": 2, ""pid_type"": ""flat"", ""range_flattens"": [null], ""range_multi_buffers"": [null], ""range_num_stages"": [0], ""range_unroll_factors"": [0], ""range_warp_specializes"": [null], ""reduction_loops"": [null]}",ok,11.327999643981457,0.18357253074645996,1
softmax,SO_005,4096x2048,train,1,heuristics,0,4db99bd1b1fd307f,"{""atomic_indexing"": [], ""block_sizes"": [1], ""indexing"": [""tensor_descriptor"", ""pointer"", ""pointer"", ""pointer"", ""tensor_descriptor"", ""pointer""], ""load_eviction_policies"": [""first"", """", ""last"", ""last""], ""num_stages"": 1, ""num_warps"": 4, ""pid_type"": ""flat"", ""range_flattens"": [null], ""range_multi_buffers"": [null], ""range_num_stages"": [0], ""range_unroll_factors"": [0], ""range_warp_specializes"": [null], ""reduction_loops"": [null]}",ok,13.344000093638897,0.1644916534423828,1
softmax,SO_005,4096x2048,train,1,heuristics,0,e9936258141334eb,"{""atomic_indexing"": [], ""block_sizes"": [1], ""indexing"": [""tensor_descriptor"", ""pointer"", ""pointer"", ""pointer"", ""pointer"", ""tensor_descriptor""], ""load_eviction_policies"": [""first"", ""first"", ""last"", ""last""], ""num_stages"": 4, ""num_warps"": 2, ""pid_type"": ""flat"", ""range_flattens"": [null], ""range_multi_buffers"": [null], ""range_num_stages"": [0], ""range_unroll_factors"": [0], ""range_warp_specializes"": [null], ""reduction_loops"": [null]}",ok,11.327999643981457,0.15495848655700684,1
softmax,SO_005,4096x2048,train,1,heuristics,0,434f8e224d142a8b,"{""atomic_indexing"": [], ""block_sizes"": [1], ""indexing"": [""tensor_descriptor"", ""tensor_descriptor"", ""tensor_descriptor"", ""tensor_descriptor"", ""tensor_descriptor"", ""pointer""], ""load_eviction_policies"": ["""", ""first"", """", """"], ""num_stages"": 3, ""num_warps"": 4, ""pid_type"": ""flat"", ""range_flattens"": [null], ""range_multi_buffers"": [null], ""range_num_stages"": [0], ""range_unroll_factors"": [0], ""range_warp_specializes"": [null], ""reduction_loops"": [null]}",ok,13.344000093638897,0.13564610481262207,1
softmax,SO_005,4096x2048,train,1,heuristics,0,68752d78a5f2f718,"{""atomic_indexing"": [], ""block_sizes"": [1], ""indexing"": [""pointer"", ""tensor_descriptor"", ""tensor_descriptor"", ""tensor_descriptor"", ""pointer"", ""tensor_descriptor""], ""load_eviction_policies"": ["""", """", ""last"", """"], ""num_stages"": 5, ""num_warps"": 4, ""pid_type"": ""flat"", ""range_flattens"": [null], ""range_multi_buffers"": [null], ""range_num_stages"": [0], ""range_unroll_factors"": [0], ""range_warp_specializes"": [null], ""reduction_loops"": [null]}",ok,13.311999849975109,0.12403678894042969,1
softmax,SO_005,4096x2048,train,1,heuristics,0,4856eb1714f29c07,"{""atomic_indexing"": [], ""block_sizes"": [1], ""indexing"": [""pointer"", ""pointer"", ""tensor_descriptor"", ""pointer"", ""pointer"", ""pointer""], ""load_eviction_policies"": ["""", ""first"", ""last"", """"], ""num_stages"": 4, ""num_warps"": 4, ""pid_type"": ""flat"", ""range_flattens"": [null], ""range_multi_buffers"": [null], ""range_num_stages"": [0], ""range_unroll_factors"": [0], ""range_warp_specializes"": [null], ""reduction_loops"": [null]}",ok,13.327999971807003,0.11493611335754395,1
softmax,SO_005,4096x2048,train,1,heuristics,0,fc018cf22ed54212,"{""atomic_indexing"": [], ""block_sizes"": [1], ""indexing"": [""pointer"", ""pointer"", ""tensor_descriptor"", ""pointer"", ""tensor_descriptor"", ""pointer""], ""load_eviction_policies"": [""first"", """", ""last"", ""last""], ""num_stages"": 5, ""num_warps"": 4, ""pid_type"": ""flat"", ""range_flattens"": [null], ""range_multi_buffers"": [null], ""range_num_stages"": [0], ""range_unroll_factors"": [0], ""range_warp_specializes"": [null], ""reduction_loops"": [null]}",ok,13.344000093638897,0.10669350624084473,1
softmax,SO_005,4096x2048,train,1,heuristics,0,c74b29bb5044d66d,"{""atomic_indexing"": [], ""block_sizes"": [1], ""indexing"": [""tensor_descriptor"", ""tensor_descriptor"", ""tensor_descriptor"", ""pointer"", ""pointer"", ""pointer""], ""load_eviction_policies"": ["""", ""first"", ""first"", ""first""], ""num_stages"": 8, ""num_warps"": 1, ""pid_type"": ""flat"", ""range_flattens"": [null], ""range_multi_buffers"": [null], ""range_num_stages"": [0], ""range_unroll_factors"": [0], ""range_warp_specializes"": [null], ""reduction_loops"": [null]}",ok,13.344000093638897,0.09817671775817871,1
softmax,SO_005,4096x2048,train,1,heuristics,0,4708becdd7c177b9,"{""atomic_indexing"": [], ""block_sizes"": [1], ""indexing"": [""tensor_descriptor"", ""pointer"", ""pointer"", ""pointer"", ""tensor_descriptor"", ""pointer""], ""load_eviction_policies"": ["""", ""last"", ""first"", """"], ""num_stages"": 4, ""num_warps"": 1, ""pid_type"": ""flat"", ""range_flattens"": [null], ""range_multi_buffers"": [null], ""range_num_stages"": [0], ""range_unroll_factors"": [0], ""range_warp_specializes"": [null], ""reduction_loops"": [null]}",ok,13.311999849975109,0.0878758430480957,1
softmax,SO_005,4096x2048,train,1,heuristics,0,99c5aebdeea9e7c6,"{""atomic_indexing"": [], ""block_sizes"": [1], ""indexing"": [""pointer"", ""pointer"", ""tensor_descriptor"", ""pointer"", ""pointer"", ""tensor_descriptor""], ""load_eviction_policies"": ["""", ""first"", ""last"", ""first""], ""num_stages"": 6, ""num_warps"": 1, ""pid_type"": ""flat"", ""range_flattens"": [null], ""range_multi_buffers"": [null], ""range_num_stages"": [0], ""range_unroll_factors"": [0], ""range_warp_specializes"": [null], ""reduction_loops"": [null]}",ok,13.311999849975109,0.07401251792907715,1
softmax,SO_005,4096x2048,train,1,heuristics,0,5fda1aeabce14faf,"{""atomic_indexing"": [], ""block_sizes"": [1], ""indexing"": [""tensor_descriptor"", ""pointer"", ""pointer"", ""pointer"", ""pointer"", ""tensor_descriptor""], ""load_eviction_policies"": [""first"", ""first"", ""first"", """"], ""num_stages"": 5, ""num_warps"": 1, ""pid_type"": ""flat"", ""range_flattens"": [null], ""range_multi_buffers"": [null], ""range_num_stages"": [0], ""range_unroll_factors"": [0], ""range_warp_specializes"": [null], ""reduction_loops"": [null]}",ok,13.311999849975109,0.06624102592468262,1
softmax,SO_005,4096x2048,train,1,heuristics,0,ecba085562a0f716,"{""atomic_indexing"": [], ""block_sizes"": [1], ""indexing"": [""pointer"", ""pointer"", ""tensor_descriptor"", ""pointer"", ""tensor_descriptor"", ""tensor_descriptor""], ""load_eviction_policies"": ["""", ""last"", ""first"", """"], ""num_stages"": 5, ""num_warps"": 4, ""pid_type"": ""flat"", ""range_flattens"": [null], ""range_multi_buffers"": [null], ""range_num_stages"": [0], ""range_unroll_factors"": [0], ""range_warp_specializes"": [null], ""reduction_loops"": [null]}",ok,13.344000093638897,0.05648231506347656,1
softmax,SO_005,4096x2048,train,1,heuristics,0,73ee7ebfcd167c3e,"{""atomic_indexing"": [], ""block_sizes"": [1], ""indexing"": [""pointer"", ""pointer"", ""tensor_descriptor"", ""tensor_descriptor"", ""tensor_descriptor"", ""tensor_descriptor""], ""load_eviction_policies"": [""last"", """", """", ""first""], ""num_stages"": 1, ""num_warps"": 4, ""pid_type"": ""flat"", ""range_flattens"": [null], ""range_multi_buffers"": [null], ""range_num_stages"": [0], ""range_unroll_factors"": [0], ""range_warp_specializes"": [null], ""reduction_loops"": [null]}",ok,13.344000093638897,0.04081463813781738,1
softmax,SO_005,4096x2048,train,1,heuristics,0,6fa900742bf7cad2,"{""atomic_indexing"": [], ""block_sizes"": [1], ""indexing"": [""pointer"", ""tensor_descriptor"", ""pointer"", ""pointer"", ""pointer"", ""pointer""], ""load_eviction_policies"": ["""", ""first"", """", ""last""], ""num_stages"": 2, ""num_warps"": 2, ""pid_type"": ""flat"", ""range_flattens"": [null], ""range_multi_buffers"": [null], ""range_num_stages"": [0], ""range_unroll_factors"": [0], ""range_warp_specializes"": [null], ""reduction_loops"": [null]}",ok,11.327999643981457,0.03320717811584473,1
softmax,SO_005,4096x2048,train,1,heuristics,0,4c8d5c71e5731ce4,"{""atomic_indexing"": [], ""block_sizes"": [1], ""indexing"": [""pointer"", ""tensor_descriptor"", ""tensor_descriptor"", ""pointer"", ""tensor_descriptor"", ""tensor_descriptor""], ""load_eviction_policies"": [""last"", ""first"", ""last"", """"], ""num_stages"": 4, ""num_warps"": 2, ""pid_type"": ""flat"", ""range_flattens"": [null], ""range_multi_buffers"": [null], ""range_num_stages"": [0], ""range_unroll_factors"": [0], ""range_warp_specializes"": [null], ""reduction_loops"": [null]}",ok,11.327999643981457,0.03878355026245117,1
softmax,SO_005,4096x2048,train,1,heuristics,0,8f9244c76278f5d3,"{""atomic_indexing"": [], ""block_sizes"": [1], ""indexing"": [""pointer"", ""pointer"", ""pointer"", ""pointer"", ""pointer"", ""pointer""], ""load_eviction_policies"": ["""", """", """", """"], ""num_stages"": 1, ""num_warps"": 4, ""pid_type"": ""flat"", ""range_flattens"": [null], ""range_multi_buffers"": [null], ""range_num_stages"": [0], ""range_unroll_factors"": [0], ""range_warp_specializes"": [null], ""reduction_loops"": [null]}",ok,13.344000093638897,0.03434944152832031,1
softmax,SO_005,4096x2048,train,1,heuristics,0,736883104fb84b05,"{""atomic_indexing"": [], ""block_sizes"": [8], ""indexing"": [""pointer"", ""pointer"", ""pointer"", ""pointer"", ""pointer"", ""pointer""], ""load_eviction_policies"": ["""", """", """", """"], ""num_stages"": 2, ""num_warps"": 8, ""pid_type"": ""flat"", ""range_flattens"": [null], ""range_multi_buffers"": [null], ""range_num_stages"": [0], ""range_unroll_factors"": [0], ""range_warp_specializes"": [null], ""reduction_loops"": [null]}",ok,15.39199985563755,0.062422752380371094,0
softmax,SO_005,4096x2048,train,1,heuristics,0,02b40432328bb616,"{""atomic_indexing"": [], ""block_sizes"": [16], ""indexing"": [""pointer"", ""pointer"", ""pointer"", ""pointer"", ""pointer"", ""pointer""], ""load_eviction_policies"": ["""", """", """", """"], ""num_stages"": 3, ""num_warps"": 8, ""pid_type"": ""flat"", ""range_flattens"": [null], ""range_multi_buffers"": [null], ""range_num_stages"": [0], ""range_unroll_factors"": [0], ""range_warp_specializes"": [null], ""reduction_loops"": [null]}",ok,17.40800030529499,0.04841756820678711,0
softmax,SO_005,4096x2048,train,1,heuristics,0,a22a4b704ac9c927,"{""atomic_indexing"": [], ""block_sizes"": [4], ""indexing"": [""pointer"", ""pointer"", ""pointer"", ""pointer"", ""pointer"", ""pointer""], ""load_eviction_policies"": ["""", """", """", """"], ""num_sm_multiplier"": 1, ""num_stages"": 2, ""num_warps"": 4, ""pid_type"": ""persistent_blocked"", ""range_flattens"": [null], ""range_multi_buffers"": [null], ""range_num_stages"": [0], ""range_unroll_factors"": [0], ""range_warp_specializes"": [null], ""reduction_loops"": [null]}",ok,21.503999829292297,0.035575151443481445,0
softmax,SO_005,4096x2048,train,1,heuristics,0,db08dbbf6ad57f96,"{""atomic_indexing"": [], ""block_sizes"": [32], ""indexing"": [""tensor_descriptor"", ""tensor_descriptor"", ""tensor_descriptor"", ""tensor_descriptor"", ""tensor_descriptor"", ""tensor_descriptor""], ""load_eviction_policies"": ["""", """", """", """"], ""num_stages"": 2, ""num_warps"": 16, ""pid_type"": ""flat"", ""range_flattens"": [null], ""range_multi_buffers"": [null], ""range_num_stages"": [0], ""range_unroll_factors"": [0], ""range_warp_specializes"": [null], ""reduction_loops"": [null]}",ok,21.536000072956085,0.02873849868774414,0
softmax,SO_005,4096x2048,train,1,heuristics,0,97489e6e5bb2b9e8,"{""atomic_indexing"": [], ""block_sizes"": [2], ""indexing"": [""pointer"", ""pointer"", ""pointer"", ""pointer"", ""pointer"", ""pointer""], ""load_eviction_policies"": ["""", """", """", """"], ""num_stages"": 1, ""num_warps"": 4, ""pid_type"": ""flat"", ""range_flattens"": [null], ""range_multi_buffers"": [null], ""range_num_stages"": [0], ""range_unroll_factors"": [0], ""range_warp_specializes"": [null], ""reduction_loops"": [null]}",ok,13.344000093638897,0.04990243911743164,0
softmax,SO_005,4096x2048,train,2,heuristics,0,b48181f977e3a773,"{""atomic_indexing"": [], ""block_sizes"": [16], ""indexing"": [""tensor_descriptor"", ""tensor_descriptor"", ""pointer"", ""tensor_descriptor"", ""tensor_descriptor"", ""tensor_descriptor""], ""load_eviction_policies"": [""last"", ""first"", """", ""last""], ""num_stages"": 3, ""num_warps"": 16, ""pid_type"": ""flat"", ""range_flattens"": [null], ""range_multi_buffers"": [null], ""range_num_stages"": [0], ""range_unroll_factors"": [0], ""range_warp_specializes"": [null], ""reduction_loops"": [null]}",ok,23.584000766277313,0.4346432685852051,1
softmax,SO_005,4096x2048,train,2,heuristics,0,2eaa47515491baec,"{""atomic_indexing"": [], ""block_sizes"": [4], ""indexing"": [""pointer"", ""tensor_descriptor"", ""tensor_descriptor"", ""tensor_descriptor"", ""pointer"", ""tensor_descriptor""], ""load_eviction_policies"": ["""", """", """", ""last""], ""num_stages"": 7, ""num_warps"": 4, ""pid_type"": ""flat"", ""range_flattens"": [null], ""range_multi_buffers"": [null], ""range_num_stages"": [0], ""range_unroll_factors"": [0], ""range_warp_specializes"": [null], ""reduction_loops"": [null]}",ok,13.344000093638897,0.415311336517334,1
softmax,SO_005,4096x2048,train,2,heuristics,0,f5217d8ba28efb96,"{""atomic_indexing"": [], ""block_sizes"": [16], ""indexing"": [""pointer"", ""pointer"", ""pointer"", ""tensor_descriptor"", ""pointer"", ""pointer""], ""load_eviction_policies"": [""first"", """", ""last"", ""last""], ""num_stages"": 4, ""num_warps"": 16, ""pid_type"": ""flat"", ""range_flattens"": [null], ""range_multi_buffers"": [null], ""range_num_stages"": [0], ""range_unroll_factors"": [0], ""range_warp_specializes"": [null], ""reduction_loops"": [null]}",ok,17.44000054895878,0.4001603126525879,1
softmax,SO_005,4096x2048,train,2,heuristics,0,2762deffa84c958d,"{""atomic_indexing"": [], ""block_sizes"": [16], ""indexing"": [""tensor_descriptor"", ""pointer"", ""pointer"", ""pointer"", ""pointer"", ""tensor_descriptor""], ""load_eviction_policies"": ["""", ""first"", ""last"", """"], ""num_stages"": 1, ""num_warps"": 16, ""pid_type"": ""flat"", ""range_flattens"": [null], ""range_multi_buffers"": [null], ""range_num_stages"": [0], ""range_unroll_factors"": [0], ""range_warp_specializes"": [null], ""reduction_loops"": [null]}",ok,19.487999379634857,0.3788337707519531,1
softmax,SO_005,4096x2048,train,2,heuristics,0,9075cf58f9bd030f,"{""atomic_indexing"": [], ""block_sizes"": [2], ""indexing"": [""tensor_descriptor"", ""pointer"", ""pointer"", ""tensor_descriptor"", ""pointer"", ""pointer""], ""load_eviction_policies"": [""first"", ""first"", """", """"], ""num_stages"": 5, ""num_warps"": 4, ""pid_type"": ""flat"", ""range_flattens"": [null], ""range_multi_buffers"": [null], ""range_num_stages"": [0], ""range_unroll_factors"": [0], ""range_warp_specializes"": [null], ""reduction_loops"": [null]}",ok,13.344000093638897,0.368375301361084,1
softmax,SO_005,4096x2048,train,2,heuristics,0,737389bd6928bf84,"{""atomic_indexing"": [], ""block_sizes"": [2], ""indexing"": [""pointer"", ""tensor_descriptor"", ""pointer"", ""pointer"", ""pointer"", ""tensor_descriptor""], ""load_eviction_policies"": [""last"", """", ""first"", ""last""], ""num_stages"": 4, ""num_warps"": 4, ""pid_type"": ""flat"", ""range_flattens"": [null], ""range_multi_buffers"": [null], ""range_num_stages"": [0], ""range_unroll_factors"": [0], ""range_warp_specializes"": [null], ""reduction_loops"": [null]}",ok,13.344000093638897,0.36057281494140625,1
softmax,SO_005,4096x2048,train,2,heuristics,0,37354fe485337843,"{""atomic_indexing"": [], ""block_sizes"": [2], ""indexing"": [""pointer"", ""tensor_descriptor"", ""pointer"", ""pointer"", ""pointer"", ""pointer""], ""load_eviction_policies"": [""last"", ""last"", ""first"", ""first""], ""num_stages"": 7, ""num_warps"": 4, ""pid_type"": ""flat"", ""range_flattens"": [null], ""range_multi_buffers"": [null], ""range_num_stages"": [0], ""range_unroll_factors"": [0], ""range_warp_specializes"": [null], ""reduction_loops"": [null]}",ok,13.344000093638897,0.34995341300964355,1
softmax,SO_005,4096x2048,train,2,heuristics,0,5776fd0ad909b2f2,"{""atomic_indexing"": [], ""block_sizes"": [2], ""indexing"": [""tensor_descriptor"", ""tensor_descriptor"", ""tensor_descriptor"", ""pointer"", ""pointer"", ""pointer""], ""load_eviction_policies"": ["""", ""first"", """", ""last""], ""num_stages"": 4, ""num_warps"": 4, ""pid_type"": ""flat"", ""range_flattens"": [null], ""range_multi_buffers"": [null], ""range_num_stages"": [0], ""range_unroll_factors"": [0], ""range_warp_specializes"": [null], ""reduction_loops"": [null]}",ok,13.344000093638897,0.33532190322875977,1
softmax,SO_005,4096x2048,train,2,heuristics,0,4fbe96db09effbd2,"{""atomic_indexing"": [], ""block_sizes"": [2], ""indexing"": [""pointer"", ""pointer"", ""tensor_descriptor"", ""tensor_descriptor"", ""pointer"", ""pointer""], ""load_eviction_policies"": ["""", ""last"", ""last"", """"], ""num_stages"": 3, ""num_warps"": 4, ""pid_type"": ""flat"", ""range_flattens"": [null], ""range_multi_buffers"": [null], ""range_num_stages"": [0], ""range_unroll_factors"": [0], ""range_warp_specializes"": [null], ""reduction_loops"": [null]}",ok,13.344000093638897,0.32630467414855957,1
softmax,SO_005,4096x2048,train,2,heuristics,0,95e222b5e08b45db,"{""atomic_indexing"": [], ""block_sizes"": [1], ""indexing"": [""pointer"", ""pointer"", ""pointer"", ""pointer"", ""pointer"", ""tensor_descriptor""], ""load_eviction_policies"": ["""", ""last"", """", ""first""], ""num_stages"": 3, ""num_warps"": 4, ""pid_type"": ""flat"", ""range_flattens"": [null], ""range_multi_buffers"": [null], ""range_num_stages"": [0], ""range_unroll_factors"": [0], ""range_warp_specializes"": [null], ""reduction_loops"": [null]}",ok,13.344000093638897,0.3048899173736572,1
softmax,SO_005,4096x2048,train,2,heuristics,0,e7669f72e60d9a55,"{""atomic_indexing"": [], ""block_sizes"": [1], ""indexing"": [""tensor_descriptor"", ""pointer"", ""pointer"", ""pointer"", ""tensor_descriptor"", ""pointer""], ""load_eviction_policies"": ["""", ""first"", """", ""last""], ""num_stages"": 2, ""num_warps"": 4, ""pid_type"": ""flat"", ""range_flattens"": [null], ""range_multi_buffers"": [null], ""range_num_stages"": [0], ""range_unroll_factors"": [0], ""range_warp_specializes"": [null], ""reduction_loops"": [null]}",ok,13.344000093638897,0.2855980396270752,1
softmax,SO_005,4096x2048,train,2,heuristics,0,e808571f5d538fbe,"{""atomic_indexing"": [], ""block_sizes"": [1], ""indexing"": [""tensor_descriptor"", ""tensor_descriptor"", ""tensor_descriptor"", ""pointer"", ""pointer"", ""pointer""], ""load_eviction_policies"": ["""", ""last"", ""last"", """"], ""num_stages"": 3, ""num_warps"": 4, ""pid_type"": ""flat"", ""range_flattens"": [null], ""range_multi_buffers"": [null], ""range_num_stages"": [0], ""range_unroll_factors"": [0], ""range_warp_specializes"": [null], ""reduction_loops"": [null]}",ok,13.344000093638897,0.2749781608581543,1
softmax,SO_005,4096x2048,train,2,heuristics,0,085bea581ac19295,"{""atomic_indexing"": [], ""block_sizes"": [1], ""indexing"": [""pointer"", ""pointer"", ""tensor_descriptor"", ""pointer"", ""pointer"", ""tensor_descriptor""], ""load_eviction_policies"": [""first"", """", """", """"], ""num_stages"": 4, ""num_warps"": 2, ""pid_type"": ""flat"", ""range_flattens"": [null], ""range_multi_buffers"": [null], ""range_num_stages"": [0], ""range_unroll_factors"": [0], ""range_warp_specializes"": [null], ""reduction_loops"": [null]}",ok,11.359999887645245,0.25612568855285645,1
softmax,SO_005,4096x2048,train,2,heuristics,0,1267f42f328081fb,"{""atomic_indexing"": [], ""block_sizes"": [1], ""indexing"": [""pointer"", ""tensor_descriptor"", ""pointer"", ""pointer"", ""tensor_descriptor"", ""pointer""], ""load_eviction_policies"": [""last"", ""last"", """", ""last""], ""num_stages"": 1, ""num_warps"": 2, ""pid_type"": ""flat"", ""range_flattens"": [null], ""range_multi_buffers"": [null], ""range_num_stages"": [0], ""range_unroll_factors"": [0], ""range_warp_specializes"": [null], ""reduction_loops"": [null]}",ok,11.327999643981457,0.2470552921295166,1
softmax,SO_005,4096x2048,train,2,heuristics,0,08179a1f017a849e,"{""atomic_indexing"": [], ""block_sizes"": [1], ""indexing"": [""pointer"", ""tensor_descriptor"", ""pointer"", ""tensor_descriptor"", ""pointer"", ""pointer""], ""load_eviction_policies"": ["""", ""first"", """", """"], ""num_stages"": 1, ""num_warps"": 2, ""pid_type"": ""flat"", ""range_flattens"": [null], ""range_multi_buffers"": [null], ""range_num_stages"": [0], ""range_unroll_factors"": [0], ""range_warp_specializes"": [null], ""reduction_loops"": [null]}",ok,11.392000131309032,0.22783946990966797,1
softmax,SO_005,4096x2048,train,2,heuristics,0,4db99bd1b1fd307f,"{""atomic_indexing"": [], ""block_sizes"": [1], ""indexing"": [""tensor_descriptor"", ""pointer"", ""pointer"", ""pointer"", ""tensor_descriptor"", ""pointer""], ""load_eviction_policies"": [""first"", """", ""last"", ""last""], ""num_stages"": 1, ""num_warps"": 4, ""pid_type"": ""flat"", ""range_flattens"": [null], ""range_multi_buffers"": [null], ""range_num_stages"": [0], ""range_unroll_factors"": [0], ""range_warp_specializes"": [null], ""reduction_loops"": [null]}",ok,13.344000093638897,0.2186582088470459,1
softmax,SO_005,4096x2048,train,2,heuristics,0,e9936258141334eb,"{""atomic_indexing"": [], ""block_sizes"": [1], ""indexing"": [""tensor_descriptor"", ""pointer"", ""pointer"", ""pointer"", ""pointer"", ""tensor_descriptor""], ""load_eviction_policies"": [""first"", ""first"", ""last"", ""last""], ""num_stages"": 4, ""num_warps"": 2, ""pid_type"": ""flat"", ""range_flattens"": [null], ""range_multi_buffers"": [null], ""range_num_stages"": [0], ""range_unroll_factors"": [0], ""range_warp_specializes"": [null], ""reduction_loops"": [null]}",ok,11.327999643981457,0.1977672576904297,1
softmax,SO_005,4096x2048,train,2,heuristics,0,434f8e224d142a8b,"{""atomic_indexing"": [], ""block_sizes"": [1], ""indexing"": [""tensor_descriptor"", ""tensor_descriptor"", ""tensor_descriptor"", ""tensor_descriptor"", ""tensor_descriptor"", ""pointer""], ""load_eviction_policies"": ["""", ""first"", """", """"], ""num_stages"": 3, ""num_warps"": 4, ""pid_type"": ""flat"", ""range_flattens"": [null], ""range_multi_buffers"": [null], ""range_num_stages"": [0], ""range_unroll_factors"": [0], ""range_warp_specializes"": [null], ""reduction_loops"": [null]}",ok,13.344000093638897,0.1872730255126953,1
softmax,SO_005,4096x2048,train,2,heuristics,0,68752d78a5f2f718,"{""atomic_indexing"": [], ""block_sizes"": [1], ""indexing"": [""pointer"", ""tensor_descriptor"", ""tensor_descriptor"", ""tensor_descriptor"", ""pointer"", ""tensor_descriptor""], ""load_eviction_policies"": ["""", """", ""last"", """"], ""num_stages"": 5, ""num_warps"": 4, ""pid_type"": ""flat"", ""range_flattens"": [null], ""range_multi_buffers"": [null], ""range_num_stages"": [0], ""range_unroll_factors"": [0], ""range_warp_specializes"": [null], ""reduction_loops"": [null]}",ok,13.344000093638897,0.16829419136047363,1
softmax,SO_005,4096x2048,train,2,heuristics,0,4856eb1714f29c07,"{""atomic_indexing"": [], ""block_sizes"": [1], ""indexing"": [""pointer"", ""pointer"", ""tensor_descriptor"", ""pointer"", ""pointer"", ""pointer""], ""load_eviction_policies"": ["""", ""first"", ""last"", """"], ""num_stages"": 4, ""num_warps"": 4, ""pid_type"": ""flat"", ""range_flattens"": [null], ""range_multi_buffers"": [null], ""range_num_stages"": [0], ""range_unroll_factors"": [0], ""range_warp_specializes"": [null], ""reduction_loops"": [null]}",ok,13.344000093638897,0.15938186645507812,1
softmax,SO_005,4096x2048,train,2,heuristics,0,fc018cf22ed54212,"{""atomic_indexing"": [], ""block_sizes"": [1], ""indexing"": [""pointer"", ""pointer"", ""tensor_descriptor"", ""pointer"", ""tensor_descriptor"", ""pointer""], ""load_eviction_policies"": [""first"", """", ""last"", ""last""], ""num_stages"": 5, ""num_warps"": 4, ""pid_type"": ""flat"", ""range_flattens"": [null], ""range_multi_buffers"": [null], ""range_num_stages"": [0], ""range_unroll_factors"": [0], ""range_warp_specializes"": [null], ""reduction_loops"": [null]}",ok,13.344000093638897,0.15134263038635254,1
softmax,SO_005,4096x2048,train,2,heuristics,0,c74b29bb5044d66d,"{""atomic_indexing"": [], ""block_sizes"": [1], ""indexing"": [""tensor_descriptor"", ""tensor_descriptor"", ""tensor_descriptor"", ""pointer"", ""pointer"", ""pointer""], ""load_eviction_policies"": ["""", ""first"", ""first"", ""first""], ""num_stages"": 8, ""num_warps"": 1, ""pid_type"": ""flat"", ""range_flattens"": [null], ""range_multi_buffers"": [null], ""range_num_stages"": [0], ""range_unroll_factors"": [0], ""range_warp_specializes"": [null], ""reduction_loops"": [null]}",ok,13.344000093638897,0.1400306224822998,1
softmax,SO_005,4096x2048,train,2,heuristics,0,4708becdd7c177b9,"{""atomic_indexing"": [], ""block_sizes"": [1], ""indexing"": [""tensor_descriptor"", ""pointer"", ""pointer"", ""pointer"", ""tensor_descriptor"", ""pointer""], ""load_eviction_policies"": ["""", ""last"", ""first"", """"], ""num_stages"": 4, ""num_warps"": 1, ""pid_type"": ""flat"", ""range_flattens"": [null], ""range_multi_buffers"": [null], ""range_num_stages"": [0], ""range_unroll_factors"": [0], ""range_warp_specializes"": [null], ""reduction_loops"": [null]}",ok,13.344000093638897,0.1268317699432373,1
softmax,SO_005,4096x2048,train,2,heuristics,0,99c5aebdeea9e7c6,"{""atomic_indexing"": [], ""block_sizes"": [1], ""indexing"": [""pointer"", ""pointer"", ""tensor_descriptor"", ""pointer"", ""pointer"", ""tensor_descriptor""], ""load_eviction_policies"": ["""", ""first"", ""last"", ""first""], ""num_stages"": 6, ""num_warps"": 1, ""pid_type"": ""flat"", ""range_flattens"": [null], ""range_multi_buffers"": [null], ""range_num_stages"": [0], ""range_unroll_factors"": [0], ""range_warp_specializes"": [null], ""reduction_loops"": [null]}",ok,13.311999849975109,0.10798907279968262,1
softmax,SO_005,4096x2048,train,2,heuristics,0,5fda1aeabce14faf,"{""atomic_indexing"": [], ""block_sizes"": [1], ""indexing"": [""tensor_descriptor"", ""pointer"", ""pointer"", ""pointer"", ""pointer"", ""tensor_descriptor""], ""load_eviction_policies"": [""first"", ""first"", ""first"", """"], ""num_stages"": 5, ""num_warps"": 1, ""pid_type"": ""flat"", ""range_flattens"": [null], ""range_multi_buffers"": [null], ""range_num_stages"": [0], ""range_unroll_factors"": [0], ""range_warp_specializes"": [null], ""reduction_loops"": [null]}",ok,13.311999849975109,0.09704709053039551,1
softmax,SO_005,4096x2048,train,2,heuristics,0,ecba085562a0f716,"{""atomic_indexing"": [], ""block_sizes"": [1], ""indexing"": [""pointer"", ""pointer"", ""tensor_descriptor"", ""pointer"", ""tensor_descriptor"", ""tensor_descriptor""], ""load_eviction_policies"": ["""", ""last"", ""first"", """"], ""num_stages"": 5, ""num_warps"": 4, ""pid_type"": ""flat"", ""range_flattens"": [null], ""range_multi_buffers"": [null], ""range_num_stages"": [0], ""range_unroll_factors"": [0], ""range_warp_specializes"": [null], ""reduction_loops"": [null]}",ok,13.344000093638897,0.07794976234436035,1
softmax,SO_005,4096x2048,train,2,heuristics,0,73ee7ebfcd167c3e,"{""atomic_indexing"": [], ""block_sizes"": [1], ""indexing"": [""pointer"", ""pointer"", ""tensor_descriptor"", ""tensor_descriptor"", ""tensor_descriptor"", ""tensor_descriptor""], ""load_eviction_policies"": [""last"", """", """", ""first""], ""num_stages"": 1, ""num_warps"": 4, ""pid_type"": ""flat"", ""range_flattens"": [null], ""range_multi_buffers"": [null], ""range_num_stages"": [0], ""range_unroll_factors"": [0], ""range_warp_specializes"": [null], ""reduction_loops"": [null]}",ok,13.344000093638897,0.06852316856384277,1
softmax,SO_005,4096x2048,train,2,heuristics,0,6fa900742bf7cad2,"{""atomic_indexing"": [], ""block_sizes"": [1], ""indexing"": [""pointer"", ""tensor_descriptor"", ""pointer"", ""pointer"", ""pointer"", ""pointer""], ""load_eviction_policies"": ["""", ""first"", """", ""last""], ""num_stages"": 2, ""num_warps"": 2, ""pid_type"": ""flat"", ""range_flattens"": [null], ""range_multi_buffers"": [null], ""range_num_stages"": [0], ""range_unroll_factors"": [0], ""range_warp_specializes"": [null], ""reduction_loops"": [null]}",ok,11.327999643981457,0.048723697662353516,1
softmax,SO_005,4096x2048,train,2,heuristics,0,4c8d5c71e5731ce4,"{""atomic_indexing"": [], ""block_sizes"": [1], ""indexing"": [""pointer"", ""tensor_descriptor"", ""tensor_descriptor"", ""pointer"", ""tensor_descriptor"", ""tensor_descriptor""], ""load_eviction_policies"": [""last"", ""first"", ""last"", """"], ""num_stages"": 4, ""num_warps"": 2, ""pid_type"": ""flat"", ""range_flattens"": [null], ""range_multi_buffers"": [null], ""range_num_stages"": [0], ""range_unroll_factors"": [0], ""range_warp_specializes"": [null], ""reduction_loops"": [null]}",ok,11.359999887645245,0.029540538787841797,1
softmax,SO_005,4096x2048,train,2,heuristics,0,8f9244c76278f5d3,"{""atomic_indexing"": [], ""block_sizes"": [1], ""indexing"": [""pointer"", ""pointer"", ""pointer"", ""pointer"", ""pointer"", ""pointer""], ""load_eviction_policies"": ["""", """", """", """"], ""num_stages"": 1, ""num_warps"": 4, ""pid_type"": ""flat"", ""range_flattens"": [null], ""range_multi_buffers"": [null], ""range_num_stages"": [0], ""range_unroll_factors"": [0], ""range_warp_specializes"": [null], ""reduction_loops"": [null]}",ok,13.344000093638897,0.03544020652770996,1
softmax,SO_005,4096x2048,train,2,heuristics,0,736883104fb84b05,"{""atomic_indexing"": [], ""block_sizes"": [8], ""indexing"": [""pointer"", ""pointer"", ""pointer"", ""pointer"", ""pointer"", ""pointer""], ""load_eviction_policies"": ["""", """", """", """"], ""num_stages"": 2, ""num_warps"": 8, ""pid_type"": ""flat"", ""range_flattens"": [null], ""range_multi_buffers"": [null], ""range_num_stages"": [0], ""range_unroll_factors"": [0], ""range_warp_specializes"": [null], ""reduction_loops"": [null]}",ok,15.39199985563755,0.05115008354187012,0
softmax,SO_005,4096x2048,train,2,heuristics,0,02b40432328bb616,"{""atomic_indexing"": [], ""block_sizes"": [16], ""indexing"": [""pointer"", ""pointer"", ""pointer"", ""pointer"", ""pointer"", ""pointer""], ""load_eviction_policies"": ["""", """", """", """"], ""num_stages"": 3, ""num_warps"": 8, ""pid_type"": ""flat"", ""range_flattens"": [null], ""range_multi_buffers"": [null], ""range_num_stages"": [0], ""range_unroll_factors"": [0], ""range_warp_specializes"": [null], ""reduction_loops"": [null]}",ok,17.40800030529499,0.0426023006439209,0
softmax,SO_005,4096x2048,train,2,heuristics,0,a22a4b704ac9c927,"{""atomic_indexing"": [], ""block_sizes"": [4], ""indexing"": [""pointer"", ""pointer"", ""pointer"", ""pointer"", ""pointer"", ""pointer""], ""load_eviction_policies"": ["""", """", """", """"], ""num_sm_multiplier"": 1, ""num_stages"": 2, ""num_warps"": 4, ""pid_type"": ""persistent_blocked"", ""range_flattens"": [null], ""range_multi_buffers"": [null], ""range_num_stages"": [0], ""range_unroll_factors"": [0], ""range_warp_specializes"": [null], ""reduction_loops"": [null]}",ok,21.47199958562851,0.03472113609313965,0
softmax,SO_005,4096x2048,train,2,heuristics,0,db08dbbf6ad57f96,"{""atomic_indexing"": [], ""block_sizes"": [32], ""indexing"": [""tensor_descriptor"", ""tensor_descriptor"", ""tensor_descriptor"", ""tensor_descriptor"", ""tensor_descriptor"", ""tensor_descriptor""], ""load_eviction_policies"": ["""", """", """", """"], ""num_stages"": 2, ""num_warps"": 16, ""pid_type"": ""flat"", ""range_flattens"": [null], ""range_multi_buffers"": [null], ""range_num_stages"": [0], ""range_unroll_factors"": [0], ""range_warp_specializes"": [null], ""reduction_loops"": [null]}",ok,21.536000072956085,0.027065515518188477,0
softmax,SO_005,4096x2048,train,2,heuristics,0,97489e6e5bb2b9e8,"{""atomic_indexing"": [], ""block_sizes"": [2], ""indexing"": [""pointer"", ""pointer"", ""pointer"", ""pointer"", ""pointer"", ""pointer""], ""load_eviction_policies"": ["""", """", """", """"], ""num_stages"": 1, ""num_warps"": 4, ""pid_type"": ""flat"", ""range_flattens"": [null], ""range_multi_buffers"": [null], ""range_num_stages"": [0], ""range_unroll_factors"": [0], ""range_warp_specializes"": [null], ""reduction_loops"": [null]}",ok,13.344000093638897,0.04230999946594238,0
softmax,SO_006,4096x4096,train,0,heuristics,0,b48181f977e3a773,"{""atomic_indexing"": [], ""block_sizes"": [16], ""indexing"": [""tensor_descriptor"", ""tensor_descriptor"", ""pointer"", ""tensor_descriptor"", ""tensor_descriptor"", ""tensor_descriptor""], ""load_eviction_policies"": [""last"", ""first"", """", ""last""], ""num_stages"": 3, ""num_warps"": 16, ""pid_type"": ""flat"", ""range_flattens"": [null], ""range_multi_buffers"": [null], ""range_num_stages"": [0], ""range_unroll_factors"": [0], ""range_warp_specializes"": [null], ""reduction_loops"": [null]}",ok,39.96799886226654,0.655510663986206,1
softmax,SO_006,4096x4096,train,0,heuristics,0,2eaa47515491baec,"{""atomic_indexing"": [], ""block_sizes"": [4], ""indexing"": [""pointer"", ""tensor_descriptor"", ""tensor_descriptor"", ""tensor_descriptor"", ""pointer"", ""tensor_descriptor""], ""load_eviction_policies"": ["""", """", """", ""last""], ""num_stages"": 7, ""num_warps"": 4, ""pid_type"": ""flat"", ""range_flattens"": [null], ""range_multi_buffers"": [null], ""range_num_stages"": [0], ""range_unroll_factors"": [0], ""range_warp_specializes"": [null], ""reduction_loops"": [null]}",ok,21.536000072956085,0.43399620056152344,1
softmax,SO_006,4096x4096,train,0,heuristics,0,f5217d8ba28efb96,"{""atomic_indexing"": [], ""block_sizes"": [16], ""indexing"": [""pointer"", ""pointer"", ""pointer"", ""tensor_descriptor"", ""pointer"", ""pointer""], ""load_eviction_policies"": [""first"", """", ""last"", ""last""], ""num_stages"": 4, ""num_warps"": 16, ""pid_type"": ""flat"", ""range_flattens"": [null], ""range_multi_buffers"": [null], ""range_num_stages"": [0], ""range_unroll_factors"": [0], ""range_warp_specializes"": [null], ""reduction_loops"": [null]}",ok,31.90400078892708,0.4167056083679199,1
softmax,SO_006,4096x4096,train,0,heuristics,0,2762deffa84c958d,"{""atomic_indexing"": [], ""block_sizes"": [16], ""indexing"": [""tensor_descriptor"", ""pointer"", ""pointer"", ""pointer"", ""pointer"", ""tensor_descriptor""], ""load_eviction_policies"": ["""", ""first"", ""last"", """"], ""num_stages"": 1, ""num_warps"": 16, ""pid_type"": ""flat"", ""range_flattens"": [null], ""range_multi_buffers"": [null], ""range_num_stages"": [0], ""range_unroll_factors"": [0], ""range_warp_specializes"": [null], ""reduction_loops"": [null]}",ok,31.74399957060814,0.40909600257873535,1
softmax,SO_006,4096x4096,train,0,heuristics,0,9075cf58f9bd030f,"{""atomic_indexing"": [], ""block_sizes"": [2], ""indexing"": [""tensor_descriptor"", ""pointer"", ""pointer"", ""tensor_descriptor"", ""pointer"", ""pointer""], ""load_eviction_policies"": [""first"", ""first"", """", """"], ""num_stages"": 5, ""num_warps"": 4, ""pid_type"": ""flat"", ""range_flattens"": [null], ""range_multi_buffers"": [null], ""range_num_stages"": [0], ""range_unroll_factors"": [0], ""range_warp_specializes"": [null], ""reduction_loops"": [null]}",ok,21.47199958562851,0.4013946056365967,1
softmax,SO_006,4096x4096,train,0,heuristics,0,737389bd6928bf84,"{""atomic_indexing"": [], ""block_sizes"": [2], ""indexing"": [""pointer"", ""tensor_descriptor"", ""pointer"", ""pointer"", ""pointer"", ""tensor_descriptor""], ""load_eviction_policies"": [""last"", """", ""first"", ""last""], ""num_stages"": 4, ""num_warps"": 4, ""pid_type"": ""flat"", ""range_flattens"": [null], ""range_multi_buffers"": [null], ""range_num_stages"": [0], ""range_unroll_factors"": [0], ""range_warp_specializes"": [null], ""reduction_loops"": [null]}",ok,21.536000072956085,0.39394354820251465,1
softmax,SO_006,4096x4096,train,0,heuristics,0,37354fe485337843,"{""atomic_indexing"": [], ""block_sizes"": [2], ""indexing"": [""pointer"", ""tensor_descriptor"", ""pointer"", ""pointer"", ""pointer"", ""pointer""], ""load_eviction_policies"": [""last"", ""last"", ""first"", ""first""], ""num_stages"": 7, ""num_warps"": 4, ""pid_type"": ""flat"", ""range_flattens"": [null], ""range_multi_buffers"": [null], ""range_num_stages"": [0], ""range_unroll_factors"": [0], ""range_warp_specializes"": [null], ""reduction_loops"": [null]}",ok,21.536000072956085,0.37502408027648926,1
softmax,SO_006,4096x4096,train,0,heuristics,0,5776fd0ad909b2f2,"{""atomic_indexing"": [], ""block_sizes"": [2], ""indexing"": [""tensor_descriptor"", ""tensor_descriptor"", ""tensor_descriptor"", ""pointer"", ""pointer"", ""pointer""], ""load_eviction_policies"": ["""", ""first"", """", ""last""], ""num_stages"": 4, ""num_warps"": 4, ""pid_type"": ""flat"", ""range_flattens"": [null], ""range_multi_buffers"": [null], ""range_num_stages"": [0], ""range_unroll_factors"": [0], ""range_warp_specializes"": [null], ""reduction_loops"": [null]}",ok,21.536000072956085,0.3608286380767822,1
softmax,SO_006,4096x4096,train,0,heuristics,0,4fbe96db09effbd2,"{""atomic_indexing"": [], ""block_sizes"": [2], ""indexing"": [""pointer"", ""pointer"", ""tensor_descriptor"", ""tensor_descriptor"", ""pointer"", ""pointer""], ""load_eviction_policies"": ["""", ""last"", ""last"", """"], ""num_stages"": 3, ""num_warps"": 4, ""pid_type"": ""flat"", ""range_flattens"": [null], ""range_multi_buffers"": [null], ""range_num_stages"": [0], ""range_unroll_factors"": [0], ""range_warp_specializes"": [null], ""reduction_loops"": [null]}",ok,21.536000072956085,0.3419210910797119,1
softmax,SO_006,4096x4096,train,0,heuristics,0,95e222b5e08b45db,"{""atomic_indexing"": [], ""block_sizes"": [1], ""indexing"": [""pointer"", ""pointer"", ""pointer"", ""pointer"", ""pointer"", ""tensor_descriptor""], ""load_eviction_policies"": ["""", ""last"", """", ""first""], ""num_stages"": 3, ""num_warps"": 4, ""pid_type"": ""flat"", ""range_flattens"": [null], ""range_multi_buffers"": [null], ""range_num_stages"": [0], ""range_unroll_factors"": [0], ""range_warp_specializes"": [null], ""reduction_loops"": [null]}",ok,19.487999379634857,0.3286709785461426,1
softmax,SO_006,4096x4096,train,0,heuristics,0,e7669f72e60d9a55,"{""atomic_indexing"": [], ""block_sizes"": [1], ""indexing"": [""tensor_descriptor"", ""pointer"", ""pointer"", ""pointer"", ""tensor_descriptor"", ""pointer""], ""load_eviction_policies"": ["""", ""first"", """", ""last""], ""num_stages"": 2, ""num_warps"": 4, ""pid_type"": ""flat"", ""range_flattens"": [null], ""range_multi_buffers"": [null], ""range_num_stages"": [0], ""range_unroll_factors"": [0], ""range_warp_specializes"": [null], ""reduction_loops"": [null]}",ok,19.487999379634857,0.30969738960266113,1
softmax,SO_006,4096x4096,train,0,heuristics,0,e808571f5d538fbe,"{""atomic_indexing"": [], ""block_sizes"": [1], ""indexing"": [""tensor_descriptor"", ""tensor_descriptor"", ""tensor_descriptor"", ""pointer"", ""pointer"", ""pointer""], ""load_eviction_policies"": ["""", ""last"", ""last"", """"], ""num_stages"": 3, ""num_warps"": 4, ""pid_type"": ""flat"", ""range_flattens"": [null], ""range_multi_buffers"": [null], ""range_num_stages"": [0], ""range_unroll_factors"": [0], ""range_warp_specializes"": [null], ""reduction_loops"": [null]}",ok,19.487999379634857,0.2973909378051758,1
softmax,SO_006,4096x4096,train,0,heuristics,0,085bea581ac19295,"{""atomic_indexing"": [], ""block_sizes"": [1], ""indexing"": [""pointer"", ""pointer"", ""tensor_descriptor"", ""pointer"", ""pointer"", ""tensor_descriptor""], ""load_eviction_policies"": [""first"", """", """", """"], ""num_stages"": 4, ""num_warps"": 2, ""pid_type"": ""flat"", ""range_flattens"": [null], ""range_multi_buffers"": [null], ""range_num_stages"": [0], ""range_unroll_factors"": [0], ""range_warp_specializes"": [null], ""reduction_loops"": [null]}",ok,19.487999379634857,0.27872776985168457,1
softmax,SO_006,4096x4096,train,0,heuristics,0,1267f42f328081fb,"{""atomic_indexing"": [], ""block_sizes"": [1], ""indexing"": [""pointer"", ""tensor_descriptor"", ""pointer"", ""pointer"", ""tensor_descriptor"", ""pointer""], ""load_eviction_policies"": [""last"", ""last"", """", ""last""], ""num_stages"": 1, ""num_warps"": 2, ""pid_type"": ""flat"", ""range_flattens"": [null], ""range_multi_buffers"": [null], ""range_num_stages"": [0], ""range_unroll_factors"": [0], ""range_warp_specializes"": [null], ""reduction_loops"": [null]}",ok,21.47199958562851,0.26790499687194824,1
softmax,SO_006,4096x4096,train,0,heuristics,0,08179a1f017a849e,"{""atomic_indexing"": [], ""block_sizes"": [1], ""indexing"": [""pointer"", ""tensor_descriptor"", ""pointer"", ""tensor_descriptor"", ""pointer"", ""pointer""], ""load_eviction_policies"": ["""", ""first"", """", """"], ""num_stages"": 1, ""num_warps"": 2, ""pid_type"": ""flat"", ""range_flattens"": [null], ""range_multi_buffers"": [null], ""range_num_stages"": [0], ""range_unroll_factors"": [0], ""range_warp_specializes"": [null], ""reduction_loops"": [null]}",ok,19.487999379634857,0.2486739158630371,1
softmax,SO_006,4096x4096,train,0,heuristics,0,4db99bd1b1fd307f,"{""atomic_indexing"": [], ""block_sizes"": [1], ""indexing"": [""tensor_descriptor"", ""pointer"", ""pointer"", ""pointer"", ""tensor_descriptor"", ""pointer""], ""load_eviction_policies"": [""first"", """", ""last"", ""last""], ""num_stages"": 1, ""num_warps"": 4, ""pid_type"": ""flat"", ""range_flattens"": [null], ""range_multi_buffers"": [null], ""range_num_stages"": [0], ""range_unroll_factors"": [0], ""range_warp_specializes"": [null], ""reduction_loops"": [null]}",ok,19.487999379634857,0.2295393943786621,1
softmax,SO_006,4096x4096,train,0,heuristics,0,e9936258141334eb,"{""atomic_indexing"": [], ""block_sizes"": [1], ""indexing"": [""tensor_descriptor"", ""pointer"", ""pointer"", ""pointer"", ""pointer"", ""tensor_descriptor""], ""load_eviction_policies"": [""first"", ""first"", ""last"", ""last""], ""num_stages"": 4, ""num_warps"": 2, ""pid_type"": ""flat"", ""range_flattens"": [null], ""range_multi_buffers"": [null], ""range_num_stages"": [0], ""range_unroll_factors"": [0], ""range_warp_specializes"": [null], ""reduction_loops"": [null]}",ok,19.487999379634857,0.21762752532958984,1
softmax,SO_006,4096x4096,train,0,heuristics,0,434f8e224d142a8b,"{""atomic_indexing"": [], ""block_sizes"": [1], ""indexing"": [""tensor_descriptor"", ""tensor_descriptor"", ""tensor_descriptor"", ""tensor_descriptor"", ""tensor_descriptor"", ""pointer""], ""load_eviction_policies"": ["""", ""first"", """", """"], ""num_stages"": 3, ""num_warps"": 4, ""pid_type"": ""flat"", ""range_flattens"": [null], ""range_multi_buffers"": [null], ""range_num_stages"": [0], ""range_unroll_factors"": [0], ""range_warp_specializes"": [null], ""reduction_loops"": [null]}",ok,19.487999379634857,0.19817018508911133,1
softmax,SO_006,4096x4096,train,0,heuristics,0,68752d78a5f2f718,"{""atomic_indexing"": [], ""block_sizes"": [1], ""indexing"": [""pointer"", ""tensor_descriptor"", ""tensor_descriptor"", ""tensor_descriptor"", ""pointer"", ""tensor_descriptor""], ""load_eviction_policies"": ["""", """", ""last"", """"], ""num_stages"": 5, ""num_warps"": 4, ""pid_type"": ""flat"", ""range_flattens"": [null], ""range_multi_buffers"": [null], ""range_num_stages"": [0], ""range_unroll_factors"": [0], ""range_warp_specializes"": [null], ""reduction_loops"": [null]}",ok,19.487999379634857,0.17920494079589844,1
softmax,SO_006,4096x4096,train,0,heuristics,0,4856eb1714f29c07,"{""atomic_indexing"": [], ""block_sizes"": [1], ""indexing"": [""pointer"", ""pointer"", ""tensor_descriptor"", ""pointer"", ""pointer"", ""pointer""], ""load_eviction_policies"": ["""", ""first"", ""last"", """"], ""num_stages"": 4, ""num_warps"": 4, ""pid_type"": ""flat"", ""range_flattens"": [null], ""range_multi_buffers"": [null], ""range_num_stages"": [0], ""range_unroll_factors"": [0], ""range_warp_specializes"": [null], ""reduction_loops"": [null]}",ok,19.487999379634857,0.16966962814331055,1
softmax,SO_006,4096x4096,train,0,heuristics,0,fc018cf22ed54212,"{""atomic_indexing"": [], ""block_sizes"": [1], ""indexing"": [""pointer"", ""pointer"", ""tensor_descriptor"", ""pointer"", ""tensor_descriptor"", ""pointer""], ""load_eviction_policies"": [""first"", """", ""last"", ""last""], ""num_stages"": 5, ""num_warps"": 4, ""pid_type"": ""flat"", ""range_flattens"": [null], ""range_multi_buffers"": [null], ""range_num_stages"": [0], ""range_unroll_factors"": [0], ""range_warp_specializes"": [null], ""reduction_loops"": [null]}",ok,19.487999379634857,0.15055561065673828,1
softmax,SO_006,4096x4096,train,0,heuristics,0,c74b29bb5044d66d,"{""atomic_indexing"": [], ""block_sizes"": [1], ""indexing"": [""tensor_descriptor"", ""tensor_descriptor"", ""tensor_descriptor"", ""pointer"", ""pointer"", ""pointer""], ""load_eviction_policies"": ["""", ""first"", ""first"", ""first""], ""num_stages"": 8, ""num_warps"": 1, ""pid_type"": ""flat"", ""range_flattens"": [null], ""range_multi_buffers"": [null], ""range_num_stages"": [0], ""range_unroll_factors"": [0], ""range_warp_specializes"": [null], ""reduction_loops"": [null]}",ok,21.536000072956085,0.13895821571350098,1
softmax,SO_006,4096x4096,train,0,heuristics,0,4708becdd7c177b9,"{""atomic_indexing"": [], ""block_sizes"": [1], ""indexing"": [""tensor_descriptor"", ""pointer"", ""pointer"", ""pointer"", ""tensor_descriptor"", ""pointer""], ""load_eviction_policies"": ["""", ""last"", ""first"", """"], ""num_stages"": 4, ""num_warps"": 1, ""pid_type"": ""flat"", ""range_flattens"": [null], ""range_multi_buffers"": [null], ""range_num_stages"": [0], ""range_unroll_factors"": [0], ""range_warp_specializes"": [null], ""reduction_loops"": [null]}",ok,21.536000072956085,0.12291622161865234,1
softmax,SO_006,4096x4096,train,0,heuristics,0,99c5aebdeea9e7c6,"{""atomic_indexing"": [], ""block_sizes"": [1], ""indexing"": [""pointer"", ""pointer"", ""tensor_descriptor"", ""pointer"", ""pointer"", ""tensor_descriptor""], ""load_eviction_policies"": ["""", ""first"", ""last"", ""first""], ""num_stages"": 6, ""num_warps"": 1, ""pid_type"": ""flat"", ""range_flattens"": [null], ""range_multi_buffers"": [null], ""range_num_stages"": [0], ""range_unroll_factors"": [0], ""range_warp_specializes"": [null], ""reduction_loops"": [null]}",ok,21.536000072956085,0.1043081283569336,1
softmax,SO_006,4096x4096,train,0,heuristics,0,5fda1aeabce14faf,"{""atomic_indexing"": [], ""block_sizes"": [1], ""indexing"": [""tensor_descriptor"", ""pointer"", ""pointer"", ""pointer"", ""pointer"", ""tensor_descriptor""], ""load_eviction_policies"": [""first"", ""first"", ""first"", """"], ""num_stages"": 5, ""num_warps"": 1, ""pid_type"": ""flat"", ""range_flattens"": [null], ""range_multi_buffers"": [null], ""range_num_stages"": [0], ""range_unroll_factors"": [0], ""range_warp_specializes"": [null], ""reduction_loops"": [null]}",ok,21.536000072956085,0.0934607982635498,1
softmax,SO_006,4096x4096,train,0,heuristics,0,ecba085562a0f716,"{""atomic_indexing"": [], ""block_sizes"": [1], ""indexing"": [""pointer"", ""pointer"", ""tensor_descriptor"", ""pointer"", ""tensor_descriptor"", ""tensor_descriptor""], ""load_eviction_policies"": ["""", ""last"", ""first"", """"], ""num_stages"": 5, ""num_warps"": 4, ""pid_type"": ""flat"", ""range_flattens"": [null], ""range_multi_buffers"": [null], ""range_num_stages"": [0], ""range_unroll_factors"": [0], ""range_warp_specializes"": [null], ""reduction_loops"": [null]}",ok,19.487999379634857,0.07472848892211914,1
softmax,SO_006,4096x4096,train,0,heuristics,0,73ee7ebfcd167c3e,"{""atomic_indexing"": [], ""block_sizes"": [1], ""indexing"": [""pointer"", ""pointer"", ""tensor_descriptor"", ""tensor_descriptor"", ""tensor_descriptor"", ""tensor_descriptor""], ""load_eviction_policies"": [""last"", """", """", ""first""], ""num_stages"": 1, ""num_warps"": 4, ""pid_type"": ""flat"", ""range_flattens"": [null], ""range_multi_buffers"": [null], ""range_num_stages"": [0], ""range_unroll_factors"": [0], ""range_warp_specializes"": [null], ""reduction_loops"": [null]}",ok,19.487999379634857,0.05597209930419922,1
softmax,SO_006,4096x4096,train,0,heuristics,0,6fa900742bf7cad2,"{""atomic_indexing"": [], ""block_sizes"": [1], ""indexing"": [""pointer"", ""tensor_descriptor"", ""pointer"", ""pointer"", ""pointer"", ""pointer""], ""load_eviction_policies"": ["""", ""first"", """", ""last""], ""num_stages"": 2, ""num_warps"": 2, ""pid_type"": ""flat"", ""range_flattens"": [null], ""range_multi_buffers"": [null], ""range_num_stages"": [0], ""range_unroll_factors"": [0], ""range_warp_specializes"": [null], ""reduction_loops"": [null]}",ok,19.487999379634857,0.04682731628417969,1
softmax,SO_006,4096x4096,train,0,heuristics,0,4c8d5c71e5731ce4,"{""atomic_indexing"": [], ""block_sizes"": [1], ""indexing"": [""pointer"", ""tensor_descriptor"", ""tensor_descriptor"", ""pointer"", ""tensor_descriptor"", ""tensor_descriptor""], ""load_eviction_policies"": [""last"", ""first"", ""last"", """"], ""num_stages"": 4, ""num_warps"": 2, ""pid_type"": ""flat"", ""range_flattens"": [null], ""range_multi_buffers"": [null], ""range_num_stages"": [0], ""range_unroll_factors"": [0], ""range_warp_specializes"": [null], ""reduction_loops"": [null]}",ok,21.47199958562851,0.04027724266052246,1
softmax,SO_006,4096x4096,train,0,heuristics,0,8f9244c76278f5d3,"{""atomic_indexing"": [], ""block_sizes"": [1], ""indexing"": [""pointer"", ""pointer"", ""pointer"", ""pointer"", ""pointer"", ""pointer""], ""load_eviction_policies"": ["""", """", """", """"], ""num_stages"": 1, ""num_warps"": 4, ""pid_type"": ""flat"", ""range_flattens"": [null], ""range_multi_buffers"": [null], ""range_num_stages"": [0], ""range_unroll_factors"": [0], ""range_warp_specializes"": [null], ""reduction_loops"": [null]}",ok,19.487999379634857,0.04655718803405762,1
softmax,SO_006,4096x4096,train,0,heuristics,0,736883104fb84b05,"{""atomic_indexing"": [], ""block_sizes"": [8], ""indexing"": [""pointer"", ""pointer"", ""pointer"", ""pointer"", ""pointer"", ""pointer""], ""load_eviction_policies"": ["""", """", """", """"], ""num_stages"": 2, ""num_warps"": 8, ""pid_type"": ""flat"", ""range_flattens"": [null], ""range_multi_buffers"": [null], ""range_num_stages"": [0], ""range_unroll_factors"": [0], ""range_warp_specializes"": [null], ""reduction_loops"": [null]}",ok,29.69600073993206,0.06395554542541504,0
softmax,SO_006,4096x4096,train,0,heuristics,0,02b40432328bb616,"{""atomic_indexing"": [], ""block_sizes"": [16], ""indexing"": [""pointer"", ""pointer"", ""pointer"", ""pointer"", ""pointer"", ""pointer""], ""load_eviction_policies"": ["""", """", """", """"], ""num_stages"": 3, ""num_warps"": 8, ""pid_type"": ""flat"", ""range_flattens"": [null], ""range_multi_buffers"": [null], ""range_num_stages"": [0], ""range_unroll_factors"": [0], ""range_warp_specializes"": [null], ""reduction_loops"": [null]}",ok,29.69600073993206,0.044455766677856445,0
softmax,SO_006,4096x4096,train,0,heuristics,0,a22a4b704ac9c927,"{""atomic_indexing"": [], ""block_sizes"": [4], ""indexing"": [""pointer"", ""pointer"", ""pointer"", ""pointer"", ""pointer"", ""pointer""], ""load_eviction_policies"": ["""", """", """", """"], ""num_sm_multiplier"": 1, ""num_stages"": 2, ""num_warps"": 4, ""pid_type"": ""persistent_blocked"", ""range_flattens"": [null], ""range_multi_buffers"": [null], ""range_num_stages"": [0], ""range_unroll_factors"": [0], ""range_warp_specializes"": [null], ""reduction_loops"": [null]}",ok,33.824000507593155,0.03751254081726074,0
softmax,SO_006,4096x4096,train,0,heuristics,0,db08dbbf6ad57f96,"{""atomic_indexing"": [], ""block_sizes"": [32], ""indexing"": [""tensor_descriptor"", ""tensor_descriptor"", ""tensor_descriptor"", ""tensor_descriptor"", ""tensor_descriptor"", ""tensor_descriptor""], ""load_eviction_policies"": ["""", """", """", """"], ""num_stages"": 2, ""num_warps"": 16, ""pid_type"": ""flat"", ""range_flattens"": [null], ""range_multi_buffers"": [null], ""range_num_stages"": [0], ""range_unroll_factors"": [0], ""range_warp_specializes"": [null], ""reduction_loops"": [null]}",error,inf,0.03735947608947754,0
softmax,SO_006,4096x4096,train,0,heuristics,0,97489e6e5bb2b9e8,"{""atomic_indexing"": [], ""block_sizes"": [2], ""indexing"": [""pointer"", ""pointer"", ""pointer"", ""pointer"", ""pointer"", ""pointer""], ""load_eviction_policies"": ["""", """", """", """"], ""num_stages"": 1, ""num_warps"": 4, ""pid_type"": ""flat"", ""range_flattens"": [null], ""range_multi_buffers"": [null], ""range_num_stages"": [0], ""range_unroll_factors"": [0], ""range_warp_specializes"": [null], ""reduction_loops"": [null]}",ok,21.536000072956085,0.029577970504760742,0
softmax,SO_006,4096x4096,train,1,heuristics,0,b48181f977e3a773,"{""atomic_indexing"": [], ""block_sizes"": [16], ""indexing"": [""tensor_descriptor"", ""tensor_descriptor"", ""pointer"", ""tensor_descriptor"", ""tensor_descriptor"", ""tensor_descriptor""], ""load_eviction_policies"": [""last"", ""first"", """", ""last""], ""num_stages"": 3, ""num_warps"": 16, ""pid_type"": ""flat"", ""range_flattens"": [null], ""range_multi_buffers"": [null], ""range_num_stages"": [0], ""range_unroll_factors"": [0], ""range_warp_specializes"": [null], ""reduction_loops"": [null]}",ok,42.01599955558777,0.42862939834594727,1
softmax,SO_006,4096x4096,train,1,heuristics,0,2eaa47515491baec,"{""atomic_indexing"": [], ""block_sizes"": [4], ""indexing"": [""pointer"", ""tensor_descriptor"", ""tensor_descriptor"", ""tensor_descriptor"", ""pointer"", ""tensor_descriptor""], ""load_eviction_policies"": ["""", """", """", ""last""], ""num_stages"": 7, ""num_warps"": 4, ""pid_type"": ""flat"", ""range_flattens"": [null], ""range_multi_buffers"": [null], ""range_num_stages"": [0], ""range_unroll_factors"": [0], ""range_warp_specializes"": [null], ""reduction_loops"": [null]}",ok,23.584000766277313,0.4148421287536621,1
softmax,SO_006,4096x4096,train,1,heuristics,0,f5217d8ba28efb96,"{""atomic_indexing"": [], ""block_sizes"": [16], ""indexing"": [""pointer"", ""pointer"", ""pointer"", ""tensor_descriptor"", ""pointer"", ""pointer""], ""load_eviction_policies"": [""first"", """", ""last"", ""last""], ""num_stages"": 4, ""num_warps"": 16, ""pid_type"": ""flat"", ""range_flattens"": [null], ""range_multi_buffers"": [null], ""range_num_stages"": [0], ""range_unroll_factors"": [0], ""range_warp_specializes"": [null], ""reduction_loops"": [null]}",ok,35.77600046992302,0.40255212783813477,1
softmax,SO_006,4096x4096,train,1,heuristics,0,2762deffa84c958d,"{""atomic_indexing"": [], ""block_sizes"": [16], ""indexing"": [""tensor_descriptor"", ""pointer"", ""pointer"", ""pointer"", ""pointer"", ""tensor_descriptor""], ""load_eviction_policies"": ["""", ""first"", ""last"", """"], ""num_stages"": 1, ""num_warps"": 16, ""pid_type"": ""flat"", ""range_flattens"": [null], ""range_multi_buffers"": [null], ""range_num_stages"": [0], ""range_unroll_factors"": [0], ""range_warp_specializes"": [null], ""reduction_loops"": [null]}",ok,33.824000507593155,0.3828401565551758,1
softmax,SO_006,4096x4096,train,1,heuristics,0,9075cf58f9bd030f,"{""atomic_indexing"": [], ""block_sizes"": [2], ""indexing"": [""tensor_descriptor"", ""pointer"", ""pointer"", ""tensor_descriptor"", ""pointer"", ""pointer""], ""load_eviction_policies"": [""first"", ""first"", """", """"], ""num_stages"": 5, ""num_warps"": 4, ""pid_type"": ""flat"", ""range_flattens"": [null], ""range_multi_buffers"": [null], ""range_num_stages"": [0], ""range_unroll_factors"": [0], ""range_warp_specializes"": [null], ""reduction_loops"": [null]}",ok,21.568000316619873,0.372814416885376,1
softmax,SO_006,4096x4096,train,1,heuristics,0,737389bd6928bf84,"{""atomic_indexing"": [], ""block_sizes"": [2], ""indexing"": [""pointer"", ""tensor_descriptor"", ""pointer"", ""pointer"", ""pointer"", ""tensor_descriptor""], ""load_eviction_policies"": [""last"", """", ""first"", ""last""], ""num_stages"": 4, ""num_warps"": 4, ""pid_type"": ""flat"", ""range_flattens"": [null], ""range_multi_buffers"": [null], ""range_num_stages"": [0], ""range_unroll_factors"": [0], ""range_warp_specializes"": [null], ""reduction_loops"": [null]}",ok,21.536000072956085,0.362196683883667,1
softmax,SO_006,4096x4096,train,1,heuristics,0,37354fe485337843,"{""atomic_indexing"": [], ""block_sizes"": [2], ""indexing"": [""pointer"", ""tensor_descriptor"", ""pointer"", ""pointer"", ""pointer"", ""pointer""], ""load_eviction_policies"": [""last"", ""last"", ""first"", ""first""], ""num_stages"": 7, ""num_warps"": 4, ""pid_type"": ""flat"", ""range_flattens"": [null], ""range_multi_buffers"": [null], ""range_num_stages"": [0], ""range_unroll_factors"": [0], ""range_warp_specializes"": [null], ""reduction_loops"": [null]}",ok,21.536000072956085,0.3428490161895752,1
softmax,SO_006,4096x4096,train,1,heuristics,0,5776fd0ad909b2f2,"{""atomic_indexing"": [], ""block_sizes"": [2], ""indexing"": [""tensor_descriptor"", ""tensor_descriptor"", ""tensor_descriptor"", ""pointer"", ""pointer"", ""pointer""], ""load_eviction_policies"": ["""", ""first"", """", ""last""], ""num_stages"": 4, ""num_warps"": 4, ""pid_type"": ""flat"", ""range_flattens"": [null], ""range_multi_buffers"": [null], ""range_num_stages"": [0], ""range_unroll_factors"": [0], ""range_warp_specializes"": [null], ""reduction_loops"": [null]}",ok,21.536000072956085,0.3329193592071533,1
softmax,SO_006,4096x4096,train,1,heuristics,0,4fbe96db09effbd2,"{""atomic_indexing"": [], ""block_sizes"": [2], ""indexing"": [""pointer"", ""pointer"", ""tensor_descriptor"", ""tensor_descriptor"", ""pointer"", ""pointer""], ""load_eviction_policies"": ["""", ""last"", ""last"", """"], ""num_stages"": 3, ""num_warps"": 4, ""pid_type"": ""flat"", ""range_flattens"": [null], ""range_multi_buffers"": [null], ""range_num_stages"": [0], ""range_unroll_factors"": [0], ""range_warp_specializes"": [null], ""reduction_loops"": [null]}",ok,21.536000072956085,0.31352686882019043,1
softmax,SO_006,4096x4096,train,1,heuristics,0,95e222b5e08b45db,"{""atomic_indexing"": [], ""block_sizes"": [1], ""indexing"": [""pointer"", ""pointer"", ""pointer"", ""pointer"", ""pointer"", ""tensor_descriptor""], ""load_eviction_policies"": ["""", ""last"", """", ""first""], ""num_stages"": 3, ""num_warps"": 4, ""pid_type"": ""flat"", ""range_flattens"": [null], ""range_multi_buffers"": [null], ""range_num_stages"": [0], ""range_unroll_factors"": [0], ""range_warp_specializes"": [null], ""reduction_loops"": [null]}",ok,19.487999379634857,0.3015003204345703,1
softmax,SO_006,4096x4096,train,1,heuristics,0,e7669f72e60d9a55,"{""atomic_indexing"": [], ""block_sizes"": [1], ""indexing"": [""tensor_descriptor"", ""pointer"", ""pointer"", ""pointer"", ""tensor_descriptor"", ""pointer""], ""load_eviction_policies"": ["""", ""first"", """", ""last""], ""num_stages"": 2, ""num_warps"": 4, ""pid_type"": ""flat"", ""range_flattens"": [null], ""range_multi_buffers"": [null], ""range_num_stages"": [0], ""range_unroll_factors"": [0], ""range_warp_specializes"": [null], ""reduction_loops"": [null]}",ok,19.487999379634857,0.28179430961608887,1
softmax,SO_006,4096x4096,train,1,heuristics,0,e808571f5d538fbe,"{""atomic_indexing"": [], ""block_sizes"": [1], ""indexing"": [""tensor_descriptor"", ""tensor_descriptor"", ""tensor_descriptor"", ""pointer"", ""pointer"", ""pointer""], ""load_eviction_policies"": ["""", ""last"", ""last"", """"], ""num_stages"": 3, ""num_warps"": 4, ""pid_type"": ""flat"", ""range_flattens"": [null], ""range_multi_buffers"": [null], ""range_num_stages"": [0], ""range_unroll_factors"": [0], ""range_warp_specializes"": [null], ""reduction_loops"": [null]}",ok,19.487999379634857,0.2618279457092285,1
softmax,SO_006,4096x4096,train,1,heuristics,0,085bea581ac19295,"{""atomic_indexing"": [], ""block_sizes"": [1], ""indexing"": [""pointer"", ""pointer"", ""tensor_descriptor"", ""pointer"", ""pointer"", ""tensor_descriptor""], ""load_eviction_policies"": [""first"", """", """", """"], ""num_stages"": 4, ""num_warps"": 2, ""pid_type"": ""flat"", ""range_flattens"": [null], ""range_multi_buffers"": [null], ""range_num_stages"": [0], ""range_unroll_factors"": [0], ""range_warp_specializes"": [null], ""reduction_loops"": [null]}",ok,19.487999379634857,0.2519087791442871,1
softmax,SO_006,4096x4096,train,1,heuristics,0,1267f42f328081fb,"{""atomic_indexing"": [], ""block_sizes"": [1], ""indexing"": [""pointer"", ""tensor_descriptor"", ""pointer"", ""pointer"", ""tensor_descriptor"", ""pointer""], ""load_eviction_policies"": [""last"", ""last"", """", ""last""], ""num_stages"": 1, ""num_warps"": 2, ""pid_type"": ""flat"", ""range_flattens"": [null], ""range_multi_buffers"": [null], ""range_num_stages"": [0], ""range_unroll_factors"": [0], ""range_warp_specializes"": [null], ""reduction_loops"": [null]}",ok,19.519999623298645,0.2433028221130371,1
softmax,SO_006,4096x4096,train,1,heuristics,0,08179a1f017a849e,"{""atomic_indexing"": [], ""block_sizes"": [1], ""indexing"": [""pointer"", ""tensor_descriptor"", ""pointer"", ""tensor_descriptor"", ""pointer"", ""pointer""], ""load_eviction_policies"": ["""", ""first"", """", """"], ""num_stages"": 1, ""num_warps"": 2, ""pid_type"": ""flat"", ""range_flattens"": [null], ""range_multi_buffers"": [null], ""range_num_stages"": [0], ""range_unroll_factors"": [0], ""range_warp_specializes"": [null], ""reduction_loops"": [null]}",ok,19.487999379634857,0.2233891487121582,1
softmax,SO_006,4096x4096,train,1,heuristics,0,4db99bd1b1fd307f,"{""atomic_indexing"": [], ""block_sizes"": [1], ""indexing"": [""tensor_descriptor"", ""pointer"", ""pointer"", ""pointer"", ""tensor_descriptor"", ""pointer""], ""load_eviction_policies"": [""first"", """", ""last"", ""last""], ""num_stages"": 1, ""num_warps"": 4, ""pid_type"": ""flat"", ""range_flattens"": [null], ""range_multi_buffers"": [null], ""range_num_stages"": [0], ""range_unroll_factors"": [0], ""range_warp_specializes"": [null], ""reduction_loops"": [null]}",ok,19.487999379634857,0.21408724784851074,1
softmax,SO_006,4096x4096,train,1,heuristics,0,e9936258141334eb,"{""atomic_indexing"": [], ""block_sizes"": [1], ""indexing"": [""tensor_descriptor"", ""pointer"", ""pointer"", ""pointer"", ""pointer"", ""tensor_descriptor""], ""load_eviction_policies"": [""first"", ""first"", ""last"", ""last""], ""num_stages"": 4, ""num_warps"": 2, ""pid_type"": ""flat"", ""range_flattens"": [null], ""range_multi_buffers"": [null], ""range_num_stages"": [0], ""range_unroll_factors"": [0], ""range_warp_specializes"": [null], ""reduction_loops"": [null]}",ok,19.487999379634857,0.2060842514038086,1
softmax,SO_006,4096x4096,train,1,heuristics,0,434f8e224d142a8b,"{""atomic_indexing"": [], ""block_sizes"": [1], ""indexing"": [""tensor_descriptor"", ""tensor_descriptor"", ""tensor_descriptor"", ""tensor_descriptor"", ""tensor_descriptor"", ""pointer""], ""load_eviction_policies"": ["""", ""first"", """", """"], ""num_stages"": 3, ""num_warps"": 4, ""pid_type"": ""flat"", ""range_flattens"": [null], ""range_multi_buffers"": [null], ""range_num_stages"": [0], ""range_unroll_factors"": [0], ""range_warp_specializes"": [null], ""reduction_loops"": [null]}",ok,19.487999379634857,0.18670988082885742,1
softmax,SO_006,4096x4096,train,1,heuristics,0,68752d78a5f2f718,"{""atomic_indexing"": [], ""block_sizes"": [1], ""indexing"": [""pointer"", ""tensor_descriptor"", ""tensor_descriptor"", ""tensor_descriptor"", ""pointer"", ""tensor_descriptor""], ""load_eviction_policies"": ["""", """", ""last"", """"], ""num_stages"": 5, ""num_warps"": 4, ""pid_type"": ""flat"", ""range_flattens"": [null], ""range_multi_buffers"": [null], ""range_num_stages"": [0], ""range_unroll_factors"": [0], ""range_warp_specializes"": [null], ""reduction_loops"": [null]}",ok,19.487999379634857,0.17572855949401855,1
softmax,SO_006,4096x4096,train,1,heuristics,0,4856eb1714f29c07,"{""atomic_indexing"": [], ""block_sizes"": [1], ""indexing"": [""pointer"", ""pointer"", ""tensor_descriptor"", ""pointer"", ""pointer"", ""pointer""], ""load_eviction_policies"": ["""", ""first"", ""last"", """"], ""num_stages"": 4, ""num_warps"": 4, ""pid_type"": ""flat"", ""range_flattens"": [null], ""range_multi_buffers"": [null], ""range_num_stages"": [0], ""range_unroll_factors"": [0], ""range_warp_specializes"": [null], ""reduction_loops"": [null]}",ok,19.487999379634857,0.15661287307739258,1
softmax,SO_006,4096x4096,train,1,heuristics,0,fc018cf22ed54212,"{""atomic_indexing"": [], ""block_sizes"": [1], ""indexing"": [""pointer"", ""pointer"", ""tensor_descriptor"", ""pointer"", ""tensor_descriptor"", ""pointer""], ""load_eviction_policies"": [""first"", """", ""last"", ""last""], ""num_stages"": 5, ""num_warps"": 4, ""pid_type"": ""flat"", ""range_flattens"": [null], ""range_multi_buffers"": [null], ""range_num_stages"": [0], ""range_unroll_factors"": [0], ""range_warp_specializes"": [null], ""reduction_loops"": [null]}",ok,19.487999379634857,0.14771676063537598,1
softmax,SO_006,4096x4096,train,1,heuristics,0,c74b29bb5044d66d,"{""atomic_indexing"": [], ""block_sizes"": [1], ""indexing"": [""tensor_descriptor"", ""tensor_descriptor"", ""tensor_descriptor"", ""pointer"", ""pointer"", ""pointer""], ""load_eviction_policies"": ["""", ""first"", ""first"", ""first""], ""num_stages"": 8, ""num_warps"": 1, ""pid_type"": ""flat"", ""range_flattens"": [null], ""range_multi_buffers"": [null], ""range_num_stages"": [0], ""range_unroll_factors"": [0], ""range_warp_specializes"": [null], ""reduction_loops"": [null]}",ok,21.536000072956085,0.13959026336669922,1
softmax,SO_006,4096x4096,train,1,heuristics,0,4708becdd7c177b9,"{""atomic_indexing"": [], ""block_sizes"": [1], ""indexing"": [""tensor_descriptor"", ""pointer"", ""pointer"", ""pointer"", ""tensor_descriptor"", ""pointer""], ""load_eviction_policies"": ["""", ""last"", ""first"", """"], ""num_stages"": 4, ""num_warps"": 1, ""pid_type"": ""flat"", ""range_flattens"": [null], ""range_multi_buffers"": [null], ""range_num_stages"": [0], ""range_unroll_factors"": [0], ""range_warp_specializes"": [null], ""reduction_loops"": [null]}",ok,21.536000072956085,0.12064313888549805,1
softmax,SO_006,4096x4096,train,1,heuristics,0,99c5aebdeea9e7c6,"{""atomic_indexing"": [], ""block_sizes"": [1], ""indexing"": [""pointer"", ""pointer"", ""tensor_descriptor"", ""pointer"", ""pointer"", ""tensor_descriptor""], ""load_eviction_policies"": ["""", ""first"", ""last"", ""first""], ""num_stages"": 6, ""num_warps"": 1, ""pid_type"": ""flat"", ""range_flattens"": [null], ""range_multi_buffers"": [null], ""range_num_stages"": [0], ""range_unroll_factors"": [0], ""range_warp_specializes"": [null], ""reduction_loops"": [null]}",ok,21.536000072956085,0.11053991317749023,1
softmax,SO_006,4096x4096,train,1,heuristics,0,5fda1aeabce14faf,"{""atomic_indexing"": [], ""block_sizes"": [1], ""indexing"": [""tensor_descriptor"", ""pointer"", ""pointer"", ""pointer"", ""pointer"", ""tensor_descriptor""], ""load_eviction_policies"": [""first"", ""first"", ""first"", """"], ""num_stages"": 5, ""num_warps"": 1, ""pid_type"": ""flat"", ""range_flattens"": [null], ""range_multi_buffers"": [null], ""range_num_stages"": [0], ""range_unroll_factors"": [0], ""range_warp_specializes"": [null], ""reduction_loops"": [null]}",ok,21.536000072956085,0.08701872825622559,1
softmax,SO_006,4096x4096,train,1,heuristics,0,ecba085562a0f716,"{""atomic_indexing"": [], ""block_sizes"": [1], ""indexing"": [""pointer"", ""pointer"", ""tensor_descriptor"", ""pointer"", ""tensor_descriptor"", ""tensor_descriptor""], ""load_eviction_policies"": ["""", ""last"", ""first"", """"], ""num_stages"": 5, ""num_warps"": 4, ""pid_type"": ""flat"", ""range_flattens"": [null], ""range_multi_buffers"": [null], ""range_num_stages"": [0], ""range_unroll_factors"": [0], ""range_warp_specializes"": [null], ""reduction_loops"": [null]}",ok,19.487999379634857,0.07372021675109863,1
softmax,SO_006,4096x4096,train,1,heuristics,0,73ee7ebfcd167c3e,"{""atomic_indexing"": [], ""block_sizes"": [1], ""indexing"": [""pointer"", ""pointer"", ""tensor_descriptor"", ""tensor_descriptor"", ""tensor_descriptor"", ""tensor_descriptor""], ""load_eviction_policies"": [""last"", """", """", ""first""], ""num_stages"": 1, ""num_warps"": 4, ""pid_type"": ""flat"", ""range_flattens"": [null], ""range_multi_buffers"": [null], ""range_num_stages"": [0], ""range_unroll_factors"": [0], ""range_warp_specializes"": [null], ""reduction_loops"": [null]}",ok,19.487999379634857,0.05311179161071777,1
softmax,SO_006,4096x4096,train,1,heuristics,0,6fa900742bf7cad2,"{""atomic_indexing"": [], ""block_sizes"": [1], ""indexing"": [""pointer"", ""tensor_descriptor"", ""pointer"", ""pointer"", ""pointer"", ""pointer""], ""load_eviction_policies"": ["""", ""first"", """", ""last""], ""num_stages"": 2, ""num_warps"": 2, ""pid_type"": ""flat"", ""range_flattens"": [null], ""range_multi_buffers"": [null], ""range_num_stages"": [0], ""range_unroll_factors"": [0], ""range_warp_specializes"": [null], ""reduction_loops"": [null]}",ok,19.487999379634857,0.04002881050109863,1
softmax,SO_006,4096x4096,train,1,heuristics,0,4c8d5c71e5731ce4,"{""atomic_indexing"": [], ""block_sizes"": [1], ""indexing"": [""pointer"", ""tensor_descriptor"", ""tensor_descriptor"", ""pointer"", ""tensor_descriptor"", ""tensor_descriptor""], ""load_eviction_policies"": [""last"", ""first"", ""last"", """"], ""num_stages"": 4, ""num_warps"": 2, ""pid_type"": ""flat"", ""range_flattens"": [null], ""range_multi_buffers"": [null], ""range_num_stages"": [0], ""range_unroll_factors"": [0], ""range_warp_specializes"": [null], ""reduction_loops"": [null]}",ok,19.519999623298645,0.025774002075195312,1
softmax,SO_006,4096x4096,train,1,heuristics,0,8f9244c76278f5d3,"{""atomic_indexing"": [], ""block_sizes"": [1], ""indexing"": [""pointer"", ""pointer"", ""pointer"", ""pointer"", ""pointer"", ""pointer""], ""load_eviction_policies"": ["""", """", """", """"], ""num_stages"": 1, ""num_warps"": 4, ""pid_type"": ""flat"", ""range_flattens"": [null], ""range_multi_buffers"": [null], ""range_num_stages"": [0], ""range_unroll_factors"": [0], ""range_warp_specializes"": [null], ""reduction_loops"": [null]}",ok,19.487999379634857,0.024318695068359375,1
softmax,SO_006,4096x4096,train,1,heuristics,0,736883104fb84b05,"{""atomic_indexing"": [], ""block_sizes"": [8], ""indexing"": [""pointer"", ""pointer"", ""pointer"", ""pointer"", ""pointer"", ""pointer""], ""load_eviction_policies"": ["""", """", """", """"], ""num_stages"": 2, ""num_warps"": 8, ""pid_type"": ""flat"", ""range_flattens"": [null], ""range_multi_buffers"": [null], ""range_num_stages"": [0], ""range_unroll_factors"": [0], ""range_warp_specializes"": [null], ""reduction_loops"": [null]}",ok,29.7279991209507,0.04889726638793945,0
softmax,SO_006,4096x4096,train,1,heuristics,0,02b40432328bb616,"{""atomic_indexing"": [], ""block_sizes"": [16], ""indexing"": [""pointer"", ""pointer"", ""pointer"", ""pointer"", ""pointer"", ""pointer""], ""load_eviction_policies"": ["""", """", """", """"], ""num_stages"": 3, ""num_warps"": 8, ""pid_type"": ""flat"", ""range_flattens"": [null], ""range_multi_buffers"": [null], ""range_num_stages"": [0], ""range_unroll_factors"": [0], ""range_warp_specializes"": [null], ""reduction_loops"": [null]}",ok,29.69600073993206,0.04129528999328613,0
softmax,SO_006,4096x4096,train,1,heuristics,0,a22a4b704ac9c927,"{""atomic_indexing"": [], ""block_sizes"": [4], ""indexing"": [""pointer"", ""pointer"", ""pointer"", ""pointer"", ""pointer"", ""pointer""], ""load_eviction_policies"": ["""", """", """", """"], ""num_sm_multiplier"": 1, ""num_stages"": 2, ""num_warps"": 4, ""pid_type"": ""persistent_blocked"", ""range_flattens"": [null], ""range_multi_buffers"": [null], ""range_num_stages"": [0], ""range_unroll_factors"": [0], ""range_warp_specializes"": [null], ""reduction_loops"": [null]}",ok,33.824000507593155,0.033924102783203125,0
softmax,SO_006,4096x4096,train,1,heuristics,0,db08dbbf6ad57f96,"{""atomic_indexing"": [], ""block_sizes"": [32], ""indexing"": [""tensor_descriptor"", ""tensor_descriptor"", ""tensor_descriptor"", ""tensor_descriptor"", ""tensor_descriptor"", ""tensor_descriptor""], ""load_eviction_policies"": ["""", """", """", """"], ""num_stages"": 2, ""num_warps"": 16, ""pid_type"": ""flat"", ""range_flattens"": [null], ""range_multi_buffers"": [null], ""range_num_stages"": [0], ""range_unroll_factors"": [0], ""range_warp_specializes"": [null], ""reduction_loops"": [null]}",error,inf,0.027276277542114258,0
softmax,SO_006,4096x4096,train,1,heuristics,0,97489e6e5bb2b9e8,"{""atomic_indexing"": [], ""block_sizes"": [2], ""indexing"": [""pointer"", ""pointer"", ""pointer"", ""pointer"", ""pointer"", ""pointer""], ""load_eviction_policies"": ["""", """", """", """"], ""num_stages"": 1, ""num_warps"": 4, ""pid_type"": ""flat"", ""range_flattens"": [null], ""range_multi_buffers"": [null], ""range_num_stages"": [0], ""range_unroll_factors"": [0], ""range_warp_specializes"": [null], ""reduction_loops"": [null]}",ok,21.536000072956085,0.04157900810241699,0
softmax,SO_006,4096x4096,train,2,heuristics,0,b48181f977e3a773,"{""atomic_indexing"": [], ""block_sizes"": [16], ""indexing"": [""tensor_descriptor"", ""tensor_descriptor"", ""pointer"", ""tensor_descriptor"", ""tensor_descriptor"", ""tensor_descriptor""], ""load_eviction_policies"": [""last"", ""first"", """", ""last""], ""num_stages"": 3, ""num_warps"": 16, ""pid_type"": ""flat"", ""range_flattens"": [null], ""range_multi_buffers"": [null], ""range_num_stages"": [0], ""range_unroll_factors"": [0], ""range_warp_specializes"": [null], ""reduction_loops"": [null]}",ok,42.01599955558777,0.4018850326538086,1
softmax,SO_006,4096x4096,train,2,heuristics,0,2eaa47515491baec,"{""atomic_indexing"": [], ""block_sizes"": [4], ""indexing"": [""pointer"", ""tensor_descriptor"", ""tensor_descriptor"", ""tensor_descriptor"", ""pointer"", ""tensor_descriptor""], ""load_eviction_policies"": ["""", """", """", ""last""], ""num_stages"": 7, ""num_warps"": 4, ""pid_type"": ""flat"", ""range_flattens"": [null], ""range_multi_buffers"": [null], ""range_num_stages"": [0], ""range_unroll_factors"": [0], ""range_warp_specializes"": [null], ""reduction_loops"": [null]}",ok,23.584000766277313,0.38341569900512695,1
softmax,SO_006,4096x4096,train,2,heuristics,0,f5217d8ba28efb96,"{""atomic_indexing"": [], ""block_sizes"": [16], ""indexing"": [""pointer"", ""pointer"", ""pointer"", ""tensor_descriptor"", ""pointer"", ""pointer""], ""load_eviction_policies"": [""first"", """", ""last"", ""last""], ""num_stages"": 4, ""num_warps"": 16, ""pid_type"": ""flat"", ""range_flattens"": [null], ""range_multi_buffers"": [null], ""range_num_stages"": [0], ""range_unroll_factors"": [0], ""range_warp_specializes"": [null], ""reduction_loops"": [null]}",ok,35.80800071358681,0.3670327663421631,1
softmax,SO_006,4096x4096,train,2,heuristics,0,2762deffa84c958d,"{""atomic_indexing"": [], ""block_sizes"": [16], ""indexing"": [""tensor_descriptor"", ""pointer"", ""pointer"", ""pointer"", ""pointer"", ""tensor_descriptor""], ""load_eviction_policies"": ["""", ""first"", ""last"", """"], ""num_stages"": 1, ""num_warps"": 16, ""pid_type"": ""flat"", ""range_flattens"": [null], ""range_multi_buffers"": [null], ""range_num_stages"": [0], ""range_unroll_factors"": [0], ""range_warp_specializes"": [null], ""reduction_loops"": [null]}",ok,33.824000507593155,0.3473479747772217,1
softmax,SO_006,4096x4096,train,2,heuristics,0,9075cf58f9bd030f,"{""atomic_indexing"": [], ""block_sizes"": [2], ""indexing"": [""tensor_descriptor"", ""pointer"", ""pointer"", ""tensor_descriptor"", ""pointer"", ""pointer""], ""load_eviction_policies"": [""first"", ""first"", """", """"], ""num_stages"": 5, ""num_warps"": 4, ""pid_type"": ""flat"", ""range_flattens"": [null], ""range_multi_buffers"": [null], ""range_num_stages"": [0], ""range_unroll_factors"": [0], ""range_warp_specializes"": [null], ""reduction_loops"": [null]}",ok,21.536000072956085,0.33774375915527344,1
softmax,SO_006,4096x4096,train,2,heuristics,0,737389bd6928bf84,"{""atomic_indexing"": [], ""block_sizes"": [2], ""indexing"": [""pointer"", ""tensor_descriptor"", ""pointer"", ""pointer"", ""pointer"", ""tensor_descriptor""], ""load_eviction_policies"": [""last"", """", ""first"", ""last""], ""num_stages"": 4, ""num_warps"": 4, ""pid_type"": ""flat"", ""range_flattens"": [null], ""range_multi_buffers"": [null], ""range_num_stages"": [0], ""range_unroll_factors"": [0], ""range_warp_specializes"": [null], ""reduction_loops"": [null]}",ok,21.536000072956085,0.3186159133911133,1
softmax,SO_006,4096x4096,train,2,heuristics,0,37354fe485337843,"{""atomic_indexing"": [], ""block_sizes"": [2], ""indexing"": [""pointer"", ""tensor_descriptor"", ""pointer"", ""pointer"", ""pointer"", ""pointer""], ""load_eviction_policies"": [""last"", ""last"", ""first"", ""first""], ""num_stages"": 7, ""num_warps"": 4, ""pid_type"": ""flat"", ""range_flattens"": [null], ""range_multi_buffers"": [null], ""range_num_stages"": [0], ""range_unroll_factors"": [0], ""range_warp_specializes"": [null], ""reduction_loops"": [null]}",ok,21.536000072956085,0.30736303329467773,1
softmax,SO_006,4096x4096,train,2,heuristics,0,5776fd0ad909b2f2,"{""atomic_indexing"": [], ""block_sizes"": [2], ""indexing"": [""tensor_descriptor"", ""tensor_descriptor"", ""tensor_descriptor"", ""pointer"", ""pointer"", ""pointer""], ""load_eviction_policies"": ["""", ""first"", """", ""last""], ""num_stages"": 4, ""num_warps"": 4, ""pid_type"": ""flat"", ""range_flattens"": [null], ""range_multi_buffers"": [null], ""range_num_stages"": [0], ""range_unroll_factors"": [0], ""range_warp_specializes"": [null], ""reduction_loops"": [null]}",ok,21.536000072956085,0.29655027389526367,1
softmax,SO_006,4096x4096,train,2,heuristics,0,4fbe96db09effbd2,"{""atomic_indexing"": [], ""block_sizes"": [2], ""indexing"": [""pointer"", ""pointer"", ""tensor_descriptor"", ""tensor_descriptor"", ""pointer"", ""pointer""], ""load_eviction_policies"": ["""", ""last"", ""last"", """"], ""num_stages"": 3, ""num_warps"": 4, ""pid_type"": ""flat"", ""range_flattens"": [null], ""range_multi_buffers"": [null], ""range_num_stages"": [0], ""range_unroll_factors"": [0], ""range_warp_specializes"": [null], ""reduction_loops"": [null]}",ok,21.536000072956085,0.2769660949707031,1
softmax,SO_006,4096x4096,train,2,heuristics,0,95e222b5e08b45db,"{""atomic_indexing"": [], ""block_sizes"": [1], ""indexing"": [""pointer"", ""pointer"", ""pointer"", ""pointer"", ""pointer"", ""tensor_descriptor""], ""load_eviction_policies"": ["""", ""last"", """", ""first""], ""num_stages"": 3, ""num_warps"": 4, ""pid_type"": ""flat"", ""range_flattens"": [null], ""range_multi_buffers"": [null], ""range_num_stages"": [0], ""range_unroll_factors"": [0], ""range_warp_specializes"": [null], ""reduction_loops"": [null]}",ok,19.487999379634857,0.2680966854095459,1
softmax,SO_006,4096x4096,train,2,heuristics,0,e7669f72e60d9a55,"{""atomic_indexing"": [], ""block_sizes"": [1], ""indexing"": [""tensor_descriptor"", ""pointer"", ""pointer"", ""pointer"", ""tensor_descriptor"", ""pointer""], ""load_eviction_policies"": ["""", ""first"", """", ""last""], ""num_stages"": 2, ""num_warps"": 4, ""pid_type"": ""flat"", ""range_flattens"": [null], ""range_multi_buffers"": [null], ""range_num_stages"": [0], ""range_unroll_factors"": [0], ""range_warp_specializes"": [null], ""reduction_loops"": [null]}",ok,19.487999379634857,0.2512221336364746,1
softmax,SO_006,4096x4096,train,2,heuristics,0,e808571f5d538fbe,"{""atomic_indexing"": [], ""block_sizes"": [1], ""indexing"": [""tensor_descriptor"", ""tensor_descriptor"", ""tensor_descriptor"", ""pointer"", ""pointer"", ""pointer""], ""load_eviction_policies"": ["""", ""last"", ""last"", """"], ""num_stages"": 3, ""num_warps"": 4, ""pid_type"": ""flat"", ""range_flattens"": [null], ""range_multi_buffers"": [null], ""range_num_stages"": [0], ""range_unroll_factors"": [0], ""range_warp_specializes"": [null], ""reduction_loops"": [null]}",ok,19.487999379634857,0.24190759658813477,1
softmax,SO_006,4096x4096,train,2,heuristics,0,085bea581ac19295,"{""atomic_indexing"": [], ""block_sizes"": [1], ""indexing"": [""pointer"", ""pointer"", ""tensor_descriptor"", ""pointer"", ""pointer"", ""tensor_descriptor""], ""load_eviction_policies"": [""first"", """", """", """"], ""num_stages"": 4, ""num_warps"": 2, ""pid_type"": ""flat"", ""range_flattens"": [null], ""range_multi_buffers"": [null], ""range_num_stages"": [0], ""range_unroll_factors"": [0], ""range_warp_specializes"": [null], ""reduction_loops"": [null]}",ok,19.487999379634857,0.23320627212524414,1
softmax,SO_006,4096x4096,train,2,heuristics,0,1267f42f328081fb,"{""atomic_indexing"": [], ""block_sizes"": [1], ""indexing"": [""pointer"", ""tensor_descriptor"", ""pointer"", ""pointer"", ""tensor_descriptor"", ""pointer""], ""load_eviction_policies"": [""last"", ""last"", """", ""last""], ""num_stages"": 1, ""num_warps"": 2, ""pid_type"": ""flat"", ""range_flattens"": [null], ""range_multi_buffers"": [null], ""range_num_stages"": [0], ""range_unroll_factors"": [0], ""range_warp_specializes"": [null], ""reduction_loops"": [null]}",ok,21.376000717282295,0.21352314949035645,1
softmax,SO_006,4096x4096,train,2,heuristics,0,08179a1f017a849e,"{""atomic_indexing"": [], ""block_sizes"": [1], ""indexing"": [""pointer"", ""tensor_descriptor"", ""pointer"", ""tensor_descriptor"", ""pointer"", ""pointer""], ""load_eviction_policies"": ["""", ""first"", """", """"], ""num_stages"": 1, ""num_warps"": 2, ""pid_type"": ""flat"", ""range_flattens"": [null], ""range_multi_buffers"": [null], ""range_num_stages"": [0], ""range_unroll_factors"": [0], ""range_warp_specializes"": [null], ""reduction_loops"": [null]}",ok,19.487999379634857,0.20458078384399414,1
softmax,SO_006,4096x4096,train,2,heuristics,0,4db99bd1b1fd307f,"{""atomic_indexing"": [], ""block_sizes"": [1], ""indexing"": [""tensor_descriptor"", ""pointer"", ""pointer"", ""pointer"", ""tensor_descriptor"", ""pointer""], ""load_eviction_policies"": [""first"", """", ""last"", ""last""], ""num_stages"": 1, ""num_warps"": 4, ""pid_type"": ""flat"", ""range_flattens"": [null], ""range_multi_buffers"": [null], ""range_num_stages"": [0], ""range_unroll_factors"": [0], ""range_warp_specializes"": [null], ""reduction_loops"": [null]}",ok,19.487999379634857,0.19640851020812988,1
softmax,SO_006,4096x4096,train,2,heuristics,0,e9936258141334eb,"{""atomic_indexing"": [], ""block_sizes"": [1], ""indexing"": [""tensor_descriptor"", ""pointer"", ""pointer"", ""pointer"", ""pointer"", ""tensor_descriptor""], ""load_eviction_policies"": [""first"", ""first"", ""last"", ""last""], ""num_stages"": 4, ""num_warps"": 2, ""pid_type"": ""flat"", ""range_flattens"": [null], ""range_multi_buffers"": [null], ""range_num_stages"": [0], ""range_unroll_factors"": [0], ""range_warp_specializes"": [null], ""reduction_loops"": [null]}",ok,19.487999379634857,0.18284869194030762,1
softmax,SO_006,4096x4096,train,2,heuristics,0,434f8e224d142a8b,"{""atomic_indexing"": [], ""block_sizes"": [1], ""indexing"": [""tensor_descriptor"", ""tensor_descriptor"", ""tensor_descriptor"", ""tensor_descriptor"", ""tensor_descriptor"", ""pointer""], ""load_eviction_policies"": ["""", ""first"", """", """"], ""num_stages"": 3, ""num_warps"": 4, ""pid_type"": ""flat"", ""range_flattens"": [null], ""range_multi_buffers"": [null], ""range_num_stages"": [0], ""range_unroll_factors"": [0], ""range_warp_specializes"": [null], ""reduction_loops"": [null]}",ok,19.487999379634857,0.17080116271972656,1
softmax,SO_006,4096x4096,train,2,heuristics,0,68752d78a5f2f718,"{""atomic_indexing"": [], ""block_sizes"": [1], ""indexing"": [""pointer"", ""tensor_descriptor"", ""tensor_descriptor"", ""tensor_descriptor"", ""pointer"", ""tensor_descriptor""], ""load_eviction_policies"": ["""", """", ""last"", """"], ""num_stages"": 5, ""num_warps"": 4, ""pid_type"": ""flat"", ""range_flattens"": [null], ""range_multi_buffers"": [null], ""range_num_stages"": [0], ""range_unroll_factors"": [0], ""range_warp_specializes"": [null], ""reduction_loops"": [null]}",ok,19.487999379634857,0.15104103088378906,1
softmax,SO_006,4096x4096,train,2,heuristics,0,4856eb1714f29c07,"{""atomic_indexing"": [], ""block_sizes"": [1], ""indexing"": [""pointer"", ""pointer"", ""tensor_descriptor"", ""pointer"", ""pointer"", ""pointer""], ""load_eviction_policies"": ["""", ""first"", ""last"", """"], ""num_stages"": 4, ""num_warps"": 4, ""pid_type"": ""flat"", ""range_flattens"": [null], ""range_multi_buffers"": [null], ""range_num_stages"": [0], ""range_unroll_factors"": [0], ""range_warp_specializes"": [null], ""reduction_loops"": [null]}",ok,19.487999379634857,0.13149785995483398,1
softmax,SO_006,4096x4096,train,2,heuristics,0,fc018cf22ed54212,"{""atomic_indexing"": [], ""block_sizes"": [1], ""indexing"": [""pointer"", ""pointer"", ""tensor_descriptor"", ""pointer"", ""tensor_descriptor"", ""pointer""], ""load_eviction_policies"": [""first"", """", ""last"", ""last""], ""num_stages"": 5, ""num_warps"": 4, ""pid_type"": ""flat"", ""range_flattens"": [null], ""range_multi_buffers"": [null], ""range_num_stages"": [0], ""range_unroll_factors"": [0], ""range_warp_specializes"": [null], ""reduction_loops"": [null]}",ok,19.487999379634857,0.12172508239746094,1
softmax,SO_006,4096x4096,train,2,heuristics,0,c74b29bb5044d66d,"{""atomic_indexing"": [], ""block_sizes"": [1], ""indexing"": [""tensor_descriptor"", ""tensor_descriptor"", ""tensor_descriptor"", ""pointer"", ""pointer"", ""pointer""], ""load_eviction_policies"": ["""", ""first"", ""first"", ""first""], ""num_stages"": 8, ""num_warps"": 1, ""pid_type"": ""flat"", ""range_flattens"": [null], ""range_multi_buffers"": [null], ""range_num_stages"": [0], ""range_unroll_factors"": [0], ""range_warp_specializes"": [null], ""reduction_loops"": [null]}",ok,21.536000072956085,0.10283780097961426,1
softmax,SO_006,4096x4096,train,2,heuristics,0,4708becdd7c177b9,"{""atomic_indexing"": [], ""block_sizes"": [1], ""indexing"": [""tensor_descriptor"", ""pointer"", ""pointer"", ""pointer"", ""tensor_descriptor"", ""pointer""], ""load_eviction_policies"": ["""", ""last"", ""first"", """"], ""num_stages"": 4, ""num_warps"": 1, ""pid_type"": ""flat"", ""range_flattens"": [null], ""range_multi_buffers"": [null], ""range_num_stages"": [0], ""range_unroll_factors"": [0], ""range_warp_specializes"": [null], ""reduction_loops"": [null]}",ok,21.536000072956085,0.09279131889343262,1
softmax,SO_006,4096x4096,train,2,heuristics,0,99c5aebdeea9e7c6,"{""atomic_indexing"": [], ""block_sizes"": [1], ""indexing"": [""pointer"", ""pointer"", ""tensor_descriptor"", ""pointer"", ""pointer"", ""tensor_descriptor""], ""load_eviction_policies"": ["""", ""first"", ""last"", ""first""], ""num_stages"": 6, ""num_warps"": 1, ""pid_type"": ""flat"", ""range_flattens"": [null], ""range_multi_buffers"": [null], ""range_num_stages"": [0], ""range_unroll_factors"": [0], ""range_warp_specializes"": [null], ""reduction_loops"": [null]}",ok,21.536000072956085,0.08542037010192871,1
softmax,SO_006,4096x4096,train,2,heuristics,0,5fda1aeabce14faf,"{""atomic_indexing"": [], ""block_sizes"": [1], ""indexing"": [""tensor_descriptor"", ""pointer"", ""pointer"", ""pointer"", ""pointer"", ""tensor_descriptor""], ""load_eviction_policies"": [""first"", ""first"", ""first"", """"], ""num_stages"": 5, ""num_warps"": 1, ""pid_type"": ""flat"", ""range_flattens"": [null], ""range_multi_buffers"": [null], ""range_num_stages"": [0], ""range_unroll_factors"": [0], ""range_warp_specializes"": [null], ""reduction_loops"": [null]}",ok,21.536000072956085,0.07793474197387695,1
softmax,SO_006,4096x4096,train,2,heuristics,0,ecba085562a0f716,"{""atomic_indexing"": [], ""block_sizes"": [1], ""indexing"": [""pointer"", ""pointer"", ""tensor_descriptor"", ""pointer"", ""tensor_descriptor"", ""tensor_descriptor""], ""load_eviction_policies"": ["""", ""last"", ""first"", """"], ""num_stages"": 5, ""num_warps"": 4, ""pid_type"": ""flat"", ""range_flattens"": [null], ""range_multi_buffers"": [null], ""range_num_stages"": [0], ""range_unroll_factors"": [0], ""range_warp_specializes"": [null], ""reduction_loops"": [null]}",ok,19.487999379634857,0.06649947166442871,1
softmax,SO_006,4096x4096,train,2,heuristics,0,73ee7ebfcd167c3e,"{""atomic_indexing"": [], ""block_sizes"": [1], ""indexing"": [""pointer"", ""pointer"", ""tensor_descriptor"", ""tensor_descriptor"", ""tensor_descriptor"", ""tensor_descriptor""], ""load_eviction_policies"": [""last"", """", """", ""first""], ""num_stages"": 1, ""num_warps"": 4, ""pid_type"": ""flat"", ""range_flattens"": [null], ""range_multi_buffers"": [null], ""range_num_stages"": [0], ""range_unroll_factors"": [0], ""range_warp_specializes"": [null], ""reduction_loops"": [null]}",ok,19.487999379634857,0.047606706619262695,1
softmax,SO_006,4096x4096,train,2,heuristics,0,6fa900742bf7cad2,"{""atomic_indexing"": [], ""block_sizes"": [1], ""indexing"": [""pointer"", ""tensor_descriptor"", ""pointer"", ""pointer"", ""pointer"", ""pointer""], ""load_eviction_policies"": ["""", ""first"", """", ""last""], ""num_stages"": 2, ""num_warps"": 2, ""pid_type"": ""flat"", ""range_flattens"": [null], ""range_multi_buffers"": [null], ""range_num_stages"": [0], ""range_unroll_factors"": [0], ""range_warp_specializes"": [null], ""reduction_loops"": [null]}",ok,19.487999379634857,0.038050174713134766,1
softmax,SO_006,4096x4096,train,2,heuristics,0,4c8d5c71e5731ce4,"{""atomic_indexing"": [], ""block_sizes"": [1], ""indexing"": [""pointer"", ""tensor_descriptor"", ""tensor_descriptor"", ""pointer"", ""tensor_descriptor"", ""tensor_descriptor""], ""load_eviction_policies"": [""last"", ""first"", ""last"", """"], ""num_stages"": 4, ""num_warps"": 2, ""pid_type"": ""flat"", ""range_flattens"": [null], ""range_multi_buffers"": [null], ""range_num_stages"": [0], ""range_unroll_factors"": [0], ""range_warp_specializes"": [null], ""reduction_loops"": [null]}",ok,21.407999098300934,0.023433208465576172,1
softmax,SO_006,4096x4096,train,2,heuristics,0,8f9244c76278f5d3,"{""atomic_indexing"": [], ""block_sizes"": [1], ""indexing"": [""pointer"", ""pointer"", ""pointer"", ""pointer"", ""pointer"", ""pointer""], ""load_eviction_policies"": ["""", """", """", """"], ""num_stages"": 1, ""num_warps"": 4, ""pid_type"": ""flat"", ""range_flattens"": [null], ""range_multi_buffers"": [null], ""range_num_stages"": [0], ""range_unroll_factors"": [0], ""range_warp_specializes"": [null], ""reduction_loops"": [null]}",ok,19.487999379634857,0.023712635040283203,1
softmax,SO_006,4096x4096,train,2,heuristics,0,736883104fb84b05,"{""atomic_indexing"": [], ""block_sizes"": [8], ""indexing"": [""pointer"", ""pointer"", ""pointer"", ""pointer"", ""pointer"", ""pointer""], ""load_eviction_policies"": ["""", """", """", """"], ""num_stages"": 2, ""num_warps"": 8, ""pid_type"": ""flat"", ""range_flattens"": [null], ""range_multi_buffers"": [null], ""range_num_stages"": [0], ""range_unroll_factors"": [0], ""range_warp_specializes"": [null], ""reduction_loops"": [null]}",ok,29.7279991209507,0.04026460647583008,0
softmax,SO_006,4096x4096,train,2,heuristics,0,02b40432328bb616,"{""atomic_indexing"": [], ""block_sizes"": [16], ""indexing"": [""pointer"", ""pointer"", ""pointer"", ""pointer"", ""pointer"", ""pointer""], ""load_eviction_policies"": ["""", """", """", """"], ""num_stages"": 3, ""num_warps"": 8, ""pid_type"": ""flat"", ""range_flattens"": [null], ""range_multi_buffers"": [null], ""range_num_stages"": [0], ""range_unroll_factors"": [0], ""range_warp_specializes"": [null], ""reduction_loops"": [null]}",ok,29.69600073993206,0.0316767692565918,0
softmax,SO_006,4096x4096,train,2,heuristics,0,a22a4b704ac9c927,"{""atomic_indexing"": [], ""block_sizes"": [4], ""indexing"": [""pointer"", ""pointer"", ""pointer"", ""pointer"", ""pointer"", ""pointer""], ""load_eviction_policies"": ["""", """", """", """"], ""num_sm_multiplier"": 1, ""num_stages"": 2, ""num_warps"": 4, ""pid_type"": ""persistent_blocked"", ""range_flattens"": [null], ""range_multi_buffers"": [null], ""range_num_stages"": [0], ""range_unroll_factors"": [0], ""range_warp_specializes"": [null], ""reduction_loops"": [null]}",ok,33.824000507593155,0.03614544868469238,0
softmax,SO_006,4096x4096,train,2,heuristics,0,db08dbbf6ad57f96,"{""atomic_indexing"": [], ""block_sizes"": [32], ""indexing"": [""tensor_descriptor"", ""tensor_descriptor"", ""tensor_descriptor"", ""tensor_descriptor"", ""tensor_descriptor"", ""tensor_descriptor""], ""load_eviction_policies"": ["""", """", """", """"], ""num_stages"": 2, ""num_warps"": 16, ""pid_type"": ""flat"", ""range_flattens"": [null], ""range_multi_buffers"": [null], ""range_num_stages"": [0], ""range_unroll_factors"": [0], ""range_warp_specializes"": [null], ""reduction_loops"": [null]}",error,inf,0.03565239906311035,0
softmax,SO_006,4096x4096,train,2,heuristics,0,97489e6e5bb2b9e8,"{""atomic_indexing"": [], ""block_sizes"": [2], ""indexing"": [""pointer"", ""pointer"", ""pointer"", ""pointer"", ""pointer"", ""pointer""], ""load_eviction_policies"": ["""", """", """", """"], ""num_stages"": 1, ""num_warps"": 4, ""pid_type"": ""flat"", ""range_flattens"": [null], ""range_multi_buffers"": [null], ""range_num_stages"": [0], ""range_unroll_factors"": [0], ""range_warp_specializes"": [null], ""reduction_loops"": [null]}",ok,21.536000072956085,0.028081893920898438,0
softmax,SO_007,2048x5120,train,0,heuristics,0,b48181f977e3a773,"{""atomic_indexing"": [], ""block_sizes"": [16], ""indexing"": [""tensor_descriptor"", ""tensor_descriptor"", ""pointer"", ""tensor_descriptor"", ""tensor_descriptor"", ""tensor_descriptor""], ""load_eviction_policies"": [""last"", ""first"", """", ""last""], ""num_stages"": 3, ""num_warps"": 16, ""pid_type"": ""flat"", ""range_flattens"": [null], ""range_multi_buffers"": [null], ""range_num_stages"": [0], ""range_unroll_factors"": [0], ""range_warp_specializes"": [null], ""reduction_loops"": [null]}",error,inf,1.4253170490264893,1
softmax,SO_007,2048x5120,train,0,heuristics,0,2eaa47515491baec,"{""atomic_indexing"": [], ""block_sizes"": [4], ""indexing"": [""pointer"", ""tensor_descriptor"", ""tensor_descriptor"", ""tensor_descriptor"", ""pointer"", ""tensor_descriptor""], ""load_eviction_policies"": ["""", """", """", ""last""], ""num_stages"": 7, ""num_warps"": 4, ""pid_type"": ""flat"", ""range_flattens"": [null], ""range_multi_buffers"": [null], ""range_num_stages"": [0], ""range_unroll_factors"": [0], ""range_warp_specializes"": [null], ""reduction_loops"": [null]}",ok,21.536000072956085,0.2890763282775879,1
softmax,SO_007,2048x5120,train,0,heuristics,0,f5217d8ba28efb96,"{""atomic_indexing"": [], ""block_sizes"": [16], ""indexing"": [""pointer"", ""pointer"", ""pointer"", ""tensor_descriptor"", ""pointer"", ""pointer""], ""load_eviction_policies"": [""first"", """", ""last"", ""last""], ""num_stages"": 4, ""num_warps"": 16, ""pid_type"": ""flat"", ""range_flattens"": [null], ""range_multi_buffers"": [null], ""range_num_stages"": [0], ""range_unroll_factors"": [0], ""range_warp_specializes"": [null], ""reduction_loops"": [null]}",ok,68.70400160551071,1.308680534362793,1
softmax,SO_007,2048x5120,train,0,heuristics,0,2762deffa84c958d,"{""atomic_indexing"": [], ""block_sizes"": [16], ""indexing"": [""tensor_descriptor"", ""pointer"", ""pointer"", ""pointer"", ""pointer"", ""tensor_descriptor""], ""load_eviction_policies"": ["""", ""first"", ""last"", """"], ""num_stages"": 1, ""num_warps"": 16, ""pid_type"": ""flat"", ""range_flattens"": [null], ""range_multi_buffers"": [null], ""range_num_stages"": [0], ""range_unroll_factors"": [0], ""range_warp_specializes"": [null], ""reduction_loops"": [null]}",error,inf,0.2715795040130615,1
softmax,SO_007,2048x5120,train,0,heuristics,0,9075cf58f9bd030f,"{""atomic_indexing"": [], ""block_sizes"": [2], ""indexing"": [""tensor_descriptor"", ""pointer"", ""pointer"", ""tensor_descriptor"", ""pointer"", ""pointer""], ""load_eviction_policies"": [""first"", ""first"", """", """"], ""num_stages"": 5, ""num_warps"": 4, ""pid_type"": ""flat"", ""range_flattens"": [null], ""range_multi_buffers"": [null], ""range_num_stages"": [0], ""range_unroll_factors"": [0], ""range_warp_specializes"": [null], ""reduction_loops"": [null]}",ok,17.44000054895878,0.5083763599395752,1
softmax,SO_007,2048x5120,train,0,heuristics,0,737389bd6928bf84,"{""atomic_indexing"": [], ""block_sizes"": [2], ""indexing"": [""pointer"", ""tensor_descriptor"", ""pointer"", ""pointer"", ""pointer"", ""tensor_descriptor""], ""load_eviction_policies"": [""last"", """", ""first"", ""last""], ""num_stages"": 4, ""num_warps"": 4, ""pid_type"": ""flat"", ""range_flattens"": [null], ""range_multi_buffers"": [null], ""range_num_stages"": [0], ""range_unroll_factors"": [0], ""range_warp_specializes"": [null], ""reduction_loops"": [null]}",ok,15.359999611973763,0.5210561752319336,1
softmax,SO_007,2048x5120,train,0,heuristics,0,37354fe485337843,"{""atomic_indexing"": [], ""block_sizes"": [2], ""indexing"": [""pointer"", ""tensor_descriptor"", ""pointer"", ""pointer"", ""pointer"", ""pointer""], ""load_eviction_policies"": [""last"", ""last"", ""first"", ""first""], ""num_stages"": 7, ""num_warps"": 4, ""pid_type"": ""flat"", ""range_flattens"": [null], ""range_multi_buffers"": [null], ""range_num_stages"": [0], ""range_unroll_factors"": [0], ""range_warp_specializes"": [null], ""reduction_loops"": [null]}",ok,15.39199985563755,0.5131857395172119,1
softmax,SO_007,2048x5120,train,0,heuristics,0,5776fd0ad909b2f2,"{""atomic_indexing"": [], ""block_sizes"": [2], ""indexing"": [""tensor_descriptor"", ""tensor_descriptor"", ""tensor_descriptor"", ""pointer"", ""pointer"", ""pointer""], ""load_eviction_policies"": ["""", ""first"", """", ""last""], ""num_stages"": 4, ""num_warps"": 4, ""pid_type"": ""flat"", ""range_flattens"": [null], ""range_multi_buffers"": [null], ""range_num_stages"": [0], ""range_unroll_factors"": [0], ""range_warp_specializes"": [null], ""reduction_loops"": [null]}",ok,15.39199985563755,0.5114762783050537,1
softmax,SO_007,2048x5120,train,0,heuristics,0,4fbe96db09effbd2,"{""atomic_indexing"": [], ""block_sizes"": [2], ""indexing"": [""pointer"", ""pointer"", ""tensor_descriptor"", ""tensor_descriptor"", ""pointer"", ""pointer""], ""load_eviction_policies"": ["""", ""last"", ""last"", """"], ""num_stages"": 3, ""num_warps"": 4, ""pid_type"": ""flat"", ""range_flattens"": [null], ""range_multi_buffers"": [null], ""range_num_stages"": [0], ""range_unroll_factors"": [0], ""range_warp_specializes"": [null], ""reduction_loops"": [null]}",ok,15.39199985563755,0.5143430233001709,1
softmax,SO_007,2048x5120,train,0,heuristics,0,8f9244c76278f5d3,"{""atomic_indexing"": [], ""block_sizes"": [1], ""indexing"": [""pointer"", ""pointer"", ""pointer"", ""pointer"", ""pointer"", ""pointer""], ""load_eviction_policies"": ["""", """", """", """"], ""num_stages"": 1, ""num_warps"": 4, ""pid_type"": ""flat"", ""range_flattens"": [null], ""range_multi_buffers"": [null], ""range_num_stages"": [0], ""range_unroll_factors"": [0], ""range_warp_specializes"": [null], ""reduction_loops"": [null]}",ok,15.263999812304974,0.3229339122772217,1
softmax,SO_007,2048x5120,train,0,heuristics,0,95e222b5e08b45db,"{""atomic_indexing"": [], ""block_sizes"": [1], ""indexing"": [""pointer"", ""pointer"", ""pointer"", ""pointer"", ""pointer"", ""tensor_descriptor""], ""load_eviction_policies"": ["""", ""last"", """", ""first""], ""num_stages"": 3, ""num_warps"": 4, ""pid_type"": ""flat"", ""range_flattens"": [null], ""range_multi_buffers"": [null], ""range_num_stages"": [0], ""range_unroll_factors"": [0], ""range_warp_specializes"": [null], ""reduction_loops"": [null]}",ok,15.263999812304974,0.32891201972961426,1
softmax,SO_007,2048x5120,train,0,heuristics,0,e7669f72e60d9a55,"{""atomic_indexing"": [], ""block_sizes"": [1], ""indexing"": [""tensor_descriptor"", ""pointer"", ""pointer"", ""pointer"", ""tensor_descriptor"", ""pointer""], ""load_eviction_policies"": ["""", ""first"", """", ""last""], ""num_stages"": 2, ""num_warps"": 4, ""pid_type"": ""flat"", ""range_flattens"": [null], ""range_multi_buffers"": [null], ""range_num_stages"": [0], ""range_unroll_factors"": [0], ""range_warp_specializes"": [null], ""reduction_loops"": [null]}",ok,15.296000055968761,0.20796990394592285,1
softmax,SO_007,2048x5120,train,0,heuristics,0,e808571f5d538fbe,"{""atomic_indexing"": [], ""block_sizes"": [1], ""indexing"": [""tensor_descriptor"", ""tensor_descriptor"", ""tensor_descriptor"", ""pointer"", ""pointer"", ""pointer""], ""load_eviction_policies"": ["""", ""last"", ""last"", """"], ""num_stages"": 3, ""num_warps"": 4, ""pid_type"": ""flat"", ""range_flattens"": [null], ""range_multi_buffers"": [null], ""range_num_stages"": [0], ""range_unroll_factors"": [0], ""range_warp_specializes"": [null], ""reduction_loops"": [null]}",ok,15.263999812304974,0.3264477252960205,1
softmax,SO_007,2048x5120,train,0,heuristics,0,085bea581ac19295,"{""atomic_indexing"": [], ""block_sizes"": [1], ""indexing"": [""pointer"", ""pointer"", ""tensor_descriptor"", ""pointer"", ""pointer"", ""tensor_descriptor""], ""load_eviction_policies"": [""first"", """", """", """"], ""num_stages"": 4, ""num_warps"": 2, ""pid_type"": ""flat"", ""range_flattens"": [null], ""range_multi_buffers"": [null], ""range_num_stages"": [0], ""range_unroll_factors"": [0], ""range_warp_specializes"": [null], ""reduction_loops"": [null]}",ok,15.39199985563755,0.5122122764587402,1
softmax,SO_007,2048x5120,train,0,heuristics,0,1267f42f328081fb,"{""atomic_indexing"": [], ""block_sizes"": [1], ""indexing"": [""pointer"", ""tensor_descriptor"", ""pointer"", ""pointer"", ""tensor_descriptor"", ""pointer""], ""load_eviction_policies"": [""last"", ""last"", """", ""last""], ""num_stages"": 1, ""num_warps"": 2, ""pid_type"": ""flat"", ""range_flattens"": [null], ""range_multi_buffers"": [null], ""range_num_stages"": [0], ""range_unroll_factors"": [0], ""range_warp_specializes"": [null], ""reduction_loops"": [null]}",ok,15.39199985563755,0.5124924182891846,1
softmax,SO_007,2048x5120,train,0,heuristics,0,08179a1f017a849e,"{""atomic_indexing"": [], ""block_sizes"": [1], ""indexing"": [""pointer"", ""tensor_descriptor"", ""pointer"", ""tensor_descriptor"", ""pointer"", ""pointer""], ""load_eviction_policies"": ["""", ""first"", """", """"], ""num_stages"": 1, ""num_warps"": 2, ""pid_type"": ""flat"", ""range_flattens"": [null], ""range_multi_buffers"": [null], ""range_num_stages"": [0], ""range_unroll_factors"": [0], ""range_warp_specializes"": [null], ""reduction_loops"": [null]}",ok,15.39199985563755,0.5167016983032227,1
softmax,SO_007,2048x5120,train,0,heuristics,0,4db99bd1b1fd307f,"{""atomic_indexing"": [], ""block_sizes"": [1], ""indexing"": [""tensor_descriptor"", ""pointer"", ""pointer"", ""pointer"", ""tensor_descriptor"", ""pointer""], ""load_eviction_policies"": [""first"", """", ""last"", ""last""], ""num_stages"": 1, ""num_warps"": 4, ""pid_type"": ""flat"", ""range_flattens"": [null], ""range_multi_buffers"": [null], ""range_num_stages"": [0], ""range_unroll_factors"": [0], ""range_warp_specializes"": [null], ""reduction_loops"": [null]}",ok,14.399999752640724,0.32884812355041504,1
softmax,SO_007,2048x5120,train,0,heuristics,0,e9936258141334eb,"{""atomic_indexing"": [], ""block_sizes"": [1], ""indexing"": [""tensor_descriptor"", ""pointer"", ""pointer"", ""pointer"", ""pointer"", ""tensor_descriptor""], ""load_eviction_policies"": [""first"", ""first"", ""last"", ""last""], ""num_stages"": 4, ""num_warps"": 2, ""pid_type"": ""flat"", ""range_flattens"": [null], ""range_multi_buffers"": [null], ""range_num_stages"": [0], ""range_unroll_factors"": [0], ""range_warp_specializes"": [null], ""reduction_loops"": [null]}",ok,15.39199985563755,0.5016155242919922,1
softmax,SO_007,2048x5120,train,0,heuristics,0,434f8e224d142a8b,"{""atomic_indexing"": [], ""block_sizes"": [1], ""indexing"": [""tensor_descriptor"", ""tensor_descriptor"", ""tensor_descriptor"", ""tensor_descriptor"", ""tensor_descriptor"", ""pointer""], ""load_eviction_policies"": ["""", ""first"", """", """"], ""num_stages"": 3, ""num_warps"": 4, ""pid_type"": ""flat"", ""range_flattens"": [null], ""range_multi_buffers"": [null], ""range_num_stages"": [0], ""range_unroll_factors"": [0], ""range_warp_specializes"": [null], ""reduction_loops"": [null]}",ok,13.407999649643898,0.32285547256469727,1
softmax,SO_007,2048x5120,train,0,heuristics,0,68752d78a5f2f718,"{""atomic_indexing"": [], ""block_sizes"": [1], ""indexing"": [""pointer"", ""tensor_descriptor"", ""tensor_descriptor"", ""tensor_descriptor"", ""pointer"", ""tensor_descriptor""], ""load_eviction_policies"": ["""", """", ""last"", """"], ""num_stages"": 5, ""num_warps"": 4, ""pid_type"": ""flat"", ""range_flattens"": [null], ""range_multi_buffers"": [null], ""range_num_stages"": [0], ""range_unroll_factors"": [0], ""range_warp_specializes"": [null], ""reduction_loops"": [null]}",ok,15.200000256299973,0.32316136360168457,1
softmax,SO_007,2048x5120,train,0,heuristics,0,4856eb1714f29c07,"{""atomic_indexing"": [], ""block_sizes"": [1], ""indexing"": [""pointer"", ""pointer"", ""tensor_descriptor"", ""pointer"", ""pointer"", ""pointer""], ""load_eviction_policies"": ["""", ""first"", ""last"", """"], ""num_stages"": 4, ""num_warps"": 4, ""pid_type"": ""flat"", ""range_flattens"": [null], ""range_multi_buffers"": [null], ""range_num_stages"": [0], ""range_unroll_factors"": [0], ""range_warp_specializes"": [null], ""reduction_loops"": [null]}",ok,15.279999934136868,0.323383092880249,1
softmax,SO_007,2048x5120,train,0,heuristics,0,fc018cf22ed54212,"{""atomic_indexing"": [], ""block_sizes"": [1], ""indexing"": [""pointer"", ""pointer"", ""tensor_descriptor"", ""pointer"", ""tensor_descriptor"", ""pointer""], ""load_eviction_policies"": [""first"", """", ""last"", ""last""], ""num_stages"": 5, ""num_warps"": 4, ""pid_type"": ""flat"", ""range_flattens"": [null], ""range_multi_buffers"": [null], ""range_num_stages"": [0], ""range_unroll_factors"": [0], ""range_warp_specializes"": [null], ""reduction_loops"": [null]}",ok,15.263999812304974,0.3178131580352783,1
softmax,SO_007,2048x5120,train,0,heuristics,0,c74b29bb5044d66d,"{""atomic_indexing"": [], ""block_sizes"": [1], ""indexing"": [""tensor_descriptor"", ""tensor_descriptor"", ""tensor_descriptor"", ""pointer"", ""pointer"", ""pointer""], ""load_eviction_policies"": ["""", ""first"", ""first"", ""first""], ""num_stages"": 8, ""num_warps"": 1, ""pid_type"": ""flat"", ""range_flattens"": [null], ""range_multi_buffers"": [null], ""range_num_stages"": [0], ""range_unroll_factors"": [0], ""range_warp_specializes"": [null], ""reduction_loops"": [null]}",ok,17.503999173641205,0.9937305450439453,1
softmax,SO_007,2048x5120,train,0,heuristics,0,4708becdd7c177b9,"{""atomic_indexing"": [], ""block_sizes"": [1], ""indexing"": [""tensor_descriptor"", ""pointer"", ""pointer"", ""pointer"", ""tensor_descriptor"", ""pointer""], ""load_eviction_policies"": ["""", ""last"", ""first"", """"], ""num_stages"": 4, ""num_warps"": 1, ""pid_type"": ""flat"", ""range_flattens"": [null], ""range_multi_buffers"": [null], ""range_num_stages"": [0], ""range_unroll_factors"": [0], ""range_warp_specializes"": [null], ""reduction_loops"": [null]}",ok,17.503999173641205,1.0043187141418457,1
softmax,SO_007,2048x5120,train,0,heuristics,0,99c5aebdeea9e7c6,"{""atomic_indexing"": [], ""block_sizes"": [1], ""indexing"": [""pointer"", ""pointer"", ""tensor_descriptor"", ""pointer"", ""pointer"", ""tensor_descriptor""], ""load_eviction_policies"": ["""", ""first"", ""last"", ""first""], ""num_stages"": 6, ""num_warps"": 1, ""pid_type"": ""flat"", ""range_flattens"": [null], ""range_multi_buffers"": [null], ""range_num_stages"": [0], ""range_unroll_factors"": [0], ""range_warp_specializes"": [null], ""reduction_loops"": [null]}",ok,17.503999173641205,1.0025086402893066,1
softmax,SO_007,2048x5120,train,0,heuristics,0,5fda1aeabce14faf,"{""atomic_indexing"": [], ""block_sizes"": [1], ""indexing"": [""tensor_descriptor"", ""pointer"", ""pointer"", ""pointer"", ""pointer"", ""tensor_descriptor""], ""load_eviction_policies"": [""first"", ""first"", ""first"", """"], ""num_stages"": 5, ""num_warps"": 1, ""pid_type"": ""flat"", ""range_flattens"": [null], ""range_multi_buffers"": [null], ""range_num_stages"": [0], ""range_unroll_factors"": [0], ""range_warp_specializes"": [null], ""reduction_loops"": [null]}",ok,17.503999173641205,1.0005695819854736,1
softmax,SO_007,2048x5120,train,0,heuristics,0,ecba085562a0f716,"{""atomic_indexing"": [], ""block_sizes"": [1], ""indexing"": [""pointer"", ""pointer"", ""tensor_descriptor"", ""pointer"", ""tensor_descriptor"", ""tensor_descriptor""], ""load_eviction_policies"": ["""", ""last"", ""first"", """"], ""num_stages"": 5, ""num_warps"": 4, ""pid_type"": ""flat"", ""range_flattens"": [null], ""range_multi_buffers"": [null], ""range_num_stages"": [0], ""range_unroll_factors"": [0], ""range_warp_specializes"": [null], ""reduction_loops"": [null]}",ok,13.376000337302685,0.3231532573699951,1
softmax,SO_007,2048x5120,train,0,heuristics,0,73ee7ebfcd167c3e,"{""atomic_indexing"": [], ""block_sizes"": [1], ""indexing"": [""pointer"", ""pointer"", ""tensor_descriptor"", ""tensor_descriptor"", ""tensor_descriptor"", ""tensor_descriptor""], ""load_eviction_policies"": [""last"", """", """", ""first""], ""num_stages"": 1, ""num_warps"": 4, ""pid_type"": ""flat"", ""range_flattens"": [null], ""range_multi_buffers"": [null], ""range_num_stages"": [0], ""range_unroll_factors"": [0], ""range_warp_specializes"": [null], ""reduction_loops"": [null]}",ok,13.407999649643898,0.046042442321777344,1
softmax,SO_007,2048x5120,train,0,heuristics,0,6fa900742bf7cad2,"{""atomic_indexing"": [], ""block_sizes"": [1], ""indexing"": [""pointer"", ""tensor_descriptor"", ""pointer"", ""pointer"", ""pointer"", ""pointer""], ""load_eviction_policies"": ["""", ""first"", """", ""last""], ""num_stages"": 2, ""num_warps"": 2, ""pid_type"": ""flat"", ""range_flattens"": [null], ""range_multi_buffers"": [null], ""range_num_stages"": [0], ""range_unroll_factors"": [0], ""range_warp_specializes"": [null], ""reduction_loops"": [null]}",ok,15.39199985563755,0.49808835983276367,1
softmax,SO_007,2048x5120,train,0,heuristics,0,4c8d5c71e5731ce4,"{""atomic_indexing"": [], ""block_sizes"": [1], ""indexing"": [""pointer"", ""tensor_descriptor"", ""tensor_descriptor"", ""pointer"", ""tensor_descriptor"", ""tensor_descriptor""], ""load_eviction_policies"": [""last"", ""first"", ""last"", """"], ""num_stages"": 4, ""num_warps"": 2, ""pid_type"": ""flat"", ""range_flattens"": [null], ""range_multi_buffers"": [null], ""range_num_stages"": [0], ""range_unroll_factors"": [0], ""range_warp_specializes"": [null], ""reduction_loops"": [null]}",ok,15.39199985563755,0.03787970542907715,1
softmax,SO_007,2048x5120,train,0,heuristics,0,40838d03edf341d5,"{""atomic_indexing"": [], ""block_sizes"": [1], ""indexing"": [""pointer"", ""pointer"", ""pointer"", ""pointer"", ""pointer"", ""pointer""], ""load_eviction_policies"": ["""", """", """", """"], ""num_stages"": 1, ""num_warps"": 4, ""pid_type"": ""flat"", ""range_flattens"": [null], ""range_multi_buffers"": [null], ""range_num_stages"": [0], ""range_unroll_factors"": [0], ""range_warp_specializes"": [null], ""reduction_loops"": [4096]}",ok,25.536000728607178,0.04433298110961914,0
softmax,SO_007,2048x5120,train,0,heuristics,0,d85eccc48e905209,"{""atomic_indexing"": [], ""block_sizes"": [4], ""indexing"": [""pointer"", ""pointer"", ""pointer"", ""pointer"", ""pointer"", ""pointer""], ""load_eviction_policies"": ["""", """", """", """"], ""num_stages"": 2, ""num_warps"": 8, ""pid_type"": ""flat"", ""range_flattens"": [null], ""range_multi_buffers"": [null], ""range_num_stages"": [0], ""range_unroll_factors"": [0], ""range_warp_specializes"": [null], ""reduction_loops"": [4096]}",ok,31.74399957060814,0.05146288871765137,0
softmax,SO_007,2048x5120,train,0,heuristics,0,face1feb62b32533,"{""atomic_indexing"": [], ""block_sizes"": [8], ""indexing"": [""pointer"", ""pointer"", ""pointer"", ""pointer"", ""pointer"", ""pointer""], ""load_eviction_policies"": ["""", """", """", """"], ""num_sm_multiplier"": 1, ""num_stages"": 2, ""num_warps"": 8, ""pid_type"": ""persistent_blocked"", ""range_flattens"": [null], ""range_multi_buffers"": [null], ""range_num_stages"": [0], ""range_unroll_factors"": [0], ""range_warp_specializes"": [null], ""reduction_loops"": [4096]}",ok,37.91999816894531,0.03717684745788574,0
softmax,SO_007,2048x5120,train,0,heuristics,0,e0a324b9dadcf9d6,"{""atomic_indexing"": [], ""block_sizes"": [2], ""indexing"": [""tensor_descriptor"", ""tensor_descriptor"", ""tensor_descriptor"", ""tensor_descriptor"", ""tensor_descriptor"", ""tensor_descriptor""], ""load_eviction_policies"": ["""", """", """", """"], ""num_stages"": 3, ""num_warps"": 8, ""pid_type"": ""flat"", ""range_flattens"": [null], ""range_multi_buffers"": [null], ""range_num_stages"": [0], ""range_unroll_factors"": [0], ""range_warp_specializes"": [null], ""reduction_loops"": [4096]}",ok,25.631999596953392,0.025794267654418945,0
softmax,SO_007,2048x5120,train,0,heuristics,0,3f5b5e6682876faa,"{""atomic_indexing"": [], ""block_sizes"": [16], ""indexing"": [""pointer"", ""pointer"", ""pointer"", ""pointer"", ""pointer"", ""pointer""], ""load_eviction_policies"": ["""", """", """", """"], ""num_sm_multiplier"": 1, ""num_stages"": 2, ""num_warps"": 16, ""pid_type"": ""persistent_interleaved"", ""range_flattens"": [null], ""range_multi_buffers"": [null], ""range_num_stages"": [0], ""range_unroll_factors"": [0], ""range_warp_specializes"": [null], ""reduction_loops"": [4096]}",ok,52.191998809576035,0.025549650192260742,0
softmax,SO_007,2048x5120,train,1,heuristics,0,b48181f977e3a773,"{""atomic_indexing"": [], ""block_sizes"": [16], ""indexing"": [""tensor_descriptor"", ""tensor_descriptor"", ""pointer"", ""tensor_descriptor"", ""tensor_descriptor"", ""tensor_descriptor""], ""load_eviction_policies"": [""last"", ""first"", """", ""last""], ""num_stages"": 3, ""num_warps"": 16, ""pid_type"": ""flat"", ""range_flattens"": [null], ""range_multi_buffers"": [null], ""range_num_stages"": [0], ""range_unroll_factors"": [0], ""range_warp_specializes"": [null], ""reduction_loops"": [null]}",error,inf,0.2568683624267578,1
softmax,SO_007,2048x5120,train,1,heuristics,0,2eaa47515491baec,"{""atomic_indexing"": [], ""block_sizes"": [4], ""indexing"": [""pointer"", ""tensor_descriptor"", ""tensor_descriptor"", ""tensor_descriptor"", ""pointer"", ""tensor_descriptor""], ""load_eviction_policies"": ["""", """", """", ""last""], ""num_stages"": 7, ""num_warps"": 4, ""pid_type"": ""flat"", ""range_flattens"": [null], ""range_multi_buffers"": [null], ""range_num_stages"": [0], ""range_unroll_factors"": [0], ""range_warp_specializes"": [null], ""reduction_loops"": [null]}",ok,19.487999379634857,0.24924111366271973,1
softmax,SO_007,2048x5120,train,1,heuristics,0,f5217d8ba28efb96,"{""atomic_indexing"": [], ""block_sizes"": [16], ""indexing"": [""pointer"", ""pointer"", ""pointer"", ""tensor_descriptor"", ""pointer"", ""pointer""], ""load_eviction_policies"": [""first"", """", ""last"", ""last""], ""num_stages"": 4, ""num_warps"": 16, ""pid_type"": ""flat"", ""range_flattens"": [null], ""range_multi_buffers"": [null], ""range_num_stages"": [0], ""range_unroll_factors"": [0], ""range_warp_specializes"": [null], ""reduction_loops"": [null]}",ok,62.431998550891876,0.24054622650146484,1
softmax,SO_007,2048x5120,train,1,heuristics,0,2762deffa84c958d,"{""atomic_indexing"": [], ""block_sizes"": [16], ""indexing"": [""tensor_descriptor"", ""pointer"", ""pointer"", ""pointer"", ""pointer"", ""tensor_descriptor""], ""load_eviction_policies"": ["""", ""first"", ""last"", """"], ""num_stages"": 1, ""num_warps"": 16, ""pid_type"": ""flat"", ""range_flattens"": [null], ""range_multi_buffers"": [null], ""range_num_stages"": [0], ""range_unroll_factors"": [0], ""range_warp_specializes"": [null], ""reduction_loops"": [null]}",error,inf,0.22634673118591309,1
softmax,SO_007,2048x5120,train,1,heuristics,0,9075cf58f9bd030f,"{""atomic_indexing"": [], ""block_sizes"": [2], ""indexing"": [""tensor_descriptor"", ""pointer"", ""pointer"", ""tensor_descriptor"", ""pointer"", ""pointer""], ""load_eviction_policies"": [""first"", ""first"", """", """"], ""num_stages"": 5, ""num_warps"": 4, ""pid_type"": ""flat"", ""range_flattens"": [null], ""range_multi_buffers"": [null], ""range_num_stages"": [0], ""range_unroll_factors"": [0], ""range_warp_specializes"": [null], ""reduction_loops"": [null]}",ok,15.39199985563755,0.21435952186584473,1
softmax,SO_007,2048x5120,train,1,heuristics,0,737389bd6928bf84,"{""atomic_indexing"": [], ""block_sizes"": [2], ""indexing"": [""pointer"", ""tensor_descriptor"", ""pointer"", ""pointer"", ""pointer"", ""tensor_descriptor""], ""load_eviction_policies"": [""last"", """", ""first"", ""last""], ""num_stages"": 4, ""num_warps"": 4, ""pid_type"": ""flat"", ""range_flattens"": [null], ""range_multi_buffers"": [null], ""range_num_stages"": [0], ""range_unroll_factors"": [0], ""range_warp_specializes"": [null], ""reduction_loops"": [null]}",ok,15.39199985563755,0.2041935920715332,1
softmax,SO_007,2048x5120,train,1,heuristics,0,37354fe485337843,"{""atomic_indexing"": [], ""block_sizes"": [2], ""indexing"": [""pointer"", ""tensor_descriptor"", ""pointer"", ""pointer"", ""pointer"", ""pointer""], ""load_eviction_policies"": [""last"", ""last"", ""first"", ""first""], ""num_stages"": 7, ""num_warps"": 4, ""pid_type"": ""flat"", ""range_flattens"": [null], ""range_multi_buffers"": [null], ""range_num_stages"": [0], ""range_unroll_factors"": [0], ""range_warp_specializes"": [null], ""reduction_loops"": [null]}",ok,15.359999611973763,0.1963670253753662,1
softmax,SO_007,2048x5120,train,1,heuristics,0,5776fd0ad909b2f2,"{""atomic_indexing"": [], ""block_sizes"": [2], ""indexing"": [""tensor_descriptor"", ""tensor_descriptor"", ""tensor_descriptor"", ""pointer"", ""pointer"", ""pointer""], ""load_eviction_policies"": ["""", ""first"", """", ""last""], ""num_stages"": 4, ""num_warps"": 4, ""pid_type"": ""flat"", ""range_flattens"": [null], ""range_multi_buffers"": [null], ""range_num_stages"": [0], ""range_unroll_factors"": [0], ""range_warp_specializes"": [null], ""reduction_loops"": [null]}",ok,15.39199985563755,0.18851876258850098,1
softmax,SO_007,2048x5120,train,1,heuristics,0,4fbe96db09effbd2,"{""atomic_indexing"": [], ""block_sizes"": [2], ""indexing"": [""pointer"", ""pointer"", ""tensor_descriptor"", ""tensor_descriptor"", ""pointer"", ""pointer""], ""load_eviction_policies"": ["""", ""last"", ""last"", """"], ""num_stages"": 3, ""num_warps"": 4, ""pid_type"": ""flat"", ""range_flattens"": [null], ""range_multi_buffers"": [null], ""range_num_stages"": [0], ""range_unroll_factors"": [0], ""range_warp_specializes"": [null], ""reduction_loops"": [null]}",ok,15.39199985563755,0.18055486679077148,1
softmax,SO_007,2048x5120,train,1,heuristics,0,8f9244c76278f5d3,"{""atomic_indexing"": [], ""block_sizes"": [1], ""indexing"": [""pointer"", ""pointer"", ""pointer"", ""pointer"", ""pointer"", ""pointer""], ""load_eviction_policies"": ["""", """", """", """"], ""num_stages"": 1, ""num_warps"": 4, ""pid_type"": ""flat"", ""range_flattens"": [null], ""range_multi_buffers"": [null], ""range_num_stages"": [0], ""range_unroll_factors"": [0], ""range_warp_specializes"": [null], ""reduction_loops"": [null]}",ok,15.263999812304974,0.17278790473937988,1
softmax,SO_007,2048x5120,train,1,heuristics,0,95e222b5e08b45db,"{""atomic_indexing"": [], ""block_sizes"": [1], ""indexing"": [""pointer"", ""pointer"", ""pointer"", ""pointer"", ""pointer"", ""tensor_descriptor""], ""load_eviction_policies"": ["""", ""last"", """", ""first""], ""num_stages"": 3, ""num_warps"": 4, ""pid_type"": ""flat"", ""range_flattens"": [null], ""range_multi_buffers"": [null], ""range_num_stages"": [0], ""range_unroll_factors"": [0], ""range_warp_specializes"": [null], ""reduction_loops"": [null]}",ok,15.296000055968761,0.1652066707611084,1
softmax,SO_007,2048x5120,train,1,heuristics,0,e7669f72e60d9a55,"{""atomic_indexing"": [], ""block_sizes"": [1], ""indexing"": [""tensor_descriptor"", ""pointer"", ""pointer"", ""pointer"", ""tensor_descriptor"", ""pointer""], ""load_eviction_policies"": ["""", ""first"", """", ""last""], ""num_stages"": 2, ""num_warps"": 4, ""pid_type"": ""flat"", ""range_flattens"": [null], ""range_multi_buffers"": [null], ""range_num_stages"": [0], ""range_unroll_factors"": [0], ""range_warp_specializes"": [null], ""reduction_loops"": [null]}",ok,15.263999812304974,0.15727925300598145,1
softmax,SO_007,2048x5120,train,1,heuristics,0,e808571f5d538fbe,"{""atomic_indexing"": [], ""block_sizes"": [1], ""indexing"": [""tensor_descriptor"", ""tensor_descriptor"", ""tensor_descriptor"", ""pointer"", ""pointer"", ""pointer""], ""load_eviction_policies"": ["""", ""last"", ""last"", """"], ""num_stages"": 3, ""num_warps"": 4, ""pid_type"": ""flat"", ""range_flattens"": [null], ""range_multi_buffers"": [null], ""range_num_stages"": [0], ""range_unroll_factors"": [0], ""range_warp_specializes"": [null], ""reduction_loops"": [null]}",ok,13.407999649643898,0.1492149829864502,1
softmax,SO_007,2048x5120,train,1,heuristics,0,085bea581ac19295,"{""atomic_indexing"": [], ""block_sizes"": [1], ""indexing"": [""pointer"", ""pointer"", ""tensor_descriptor"", ""pointer"", ""pointer"", ""tensor_descriptor""], ""load_eviction_policies"": [""first"", """", """", """"], ""num_stages"": 4, ""num_warps"": 2, ""pid_type"": ""flat"", ""range_flattens"": [null], ""range_multi_buffers"": [null], ""range_num_stages"": [0], ""range_unroll_factors"": [0], ""range_warp_specializes"": [null], ""reduction_loops"": [null]}",ok,15.39199985563755,0.1402275562286377,1
softmax,SO_007,2048x5120,train,1,heuristics,0,1267f42f328081fb,"{""atomic_indexing"": [], ""block_sizes"": [1], ""indexing"": [""pointer"", ""tensor_descriptor"", ""pointer"", ""pointer"", ""tensor_descriptor"", ""pointer""], ""load_eviction_policies"": [""last"", ""last"", """", ""last""], ""num_stages"": 1, ""num_warps"": 2, ""pid_type"": ""flat"", ""range_flattens"": [null], ""range_multi_buffers"": [null], ""range_num_stages"": [0], ""range_unroll_factors"": [0], ""range_warp_specializes"": [null], ""reduction_loops"": [null]}",ok,15.39199985563755,0.13314056396484375,1
softmax,SO_007,2048x5120,train,1,heuristics,0,08179a1f017a849e,"{""atomic_indexing"": [], ""block_sizes"": [1], ""indexing"": [""pointer"", ""tensor_descriptor"", ""pointer"", ""tensor_descriptor"", ""pointer"", ""pointer""], ""load_eviction_policies"": ["""", ""first"", """", """"], ""num_stages"": 1, ""num_warps"": 2, ""pid_type"": ""flat"", ""range_flattens"": [null], ""range_multi_buffers"": [null], ""range_num_stages"": [0], ""range_unroll_factors"": [0], ""range_warp_specializes"": [null], ""reduction_loops"": [null]}",ok,15.39199985563755,0.12580299377441406,1
softmax,SO_007,2048x5120,train,1,heuristics,0,4db99bd1b1fd307f,"{""atomic_indexing"": [], ""block_sizes"": [1], ""indexing"": [""tensor_descriptor"", ""pointer"", ""pointer"", ""pointer"", ""tensor_descriptor"", ""pointer""], ""load_eviction_policies"": [""first"", """", ""last"", ""last""], ""num_stages"": 1, ""num_warps"": 4, ""pid_type"": ""flat"", ""range_flattens"": [null], ""range_multi_buffers"": [null], ""range_num_stages"": [0], ""range_unroll_factors"": [0], ""range_warp_specializes"": [null], ""reduction_loops"": [null]}",ok,15.263999812304974,0.11844873428344727,1
softmax,SO_007,2048x5120,train,1,heuristics,0,e9936258141334eb,"{""atomic_indexing"": [], ""block_sizes"": [1], ""indexing"": [""tensor_descriptor"", ""pointer"", ""pointer"", ""pointer"", ""pointer"", ""tensor_descriptor""], ""load_eviction_policies"": [""first"", ""first"", ""last"", ""last""], ""num_stages"": 4, ""num_warps"": 2, ""pid_type"": ""flat"", ""range_flattens"": [null], ""range_multi_buffers"": [null], ""range_num_stages"": [0], ""range_unroll_factors"": [0], ""range_warp_specializes"": [null], ""reduction_loops"": [null]}",ok,15.39199985563755,0.1111903190612793,1
softmax,SO_007,2048x5120,train,1,heuristics,0,434f8e224d142a8b,"{""atomic_indexing"": [], ""block_sizes"": [1], ""indexing"": [""tensor_descriptor"", ""tensor_descriptor"", ""tensor_descriptor"", ""tensor_descriptor"", ""tensor_descriptor"", ""pointer""], ""load_eviction_policies"": ["""", ""first"", """", """"], ""num_stages"": 3, ""num_warps"": 4, ""pid_type"": ""flat"", ""range_flattens"": [null], ""range_multi_buffers"": [null], ""range_num_stages"": [0], ""range_unroll_factors"": [0], ""range_warp_specializes"": [null], ""reduction_loops"": [null]}",ok,13.407999649643898,0.10316276550292969,1
softmax,SO_007,2048x5120,train,1,heuristics,0,68752d78a5f2f718,"{""atomic_indexing"": [], ""block_sizes"": [1], ""indexing"": [""pointer"", ""tensor_descriptor"", ""tensor_descriptor"", ""tensor_descriptor"", ""pointer"", ""tensor_descriptor""], ""load_eviction_policies"": ["""", """", ""last"", """"], ""num_stages"": 5, ""num_warps"": 4, ""pid_type"": ""flat"", ""range_flattens"": [null], ""range_multi_buffers"": [null], ""range_num_stages"": [0], ""range_unroll_factors"": [0], ""range_warp_specializes"": [null], ""reduction_loops"": [null]}",ok,15.263999812304974,0.09607672691345215,1
softmax,SO_007,2048x5120,train,1,heuristics,0,4856eb1714f29c07,"{""atomic_indexing"": [], ""block_sizes"": [1], ""indexing"": [""pointer"", ""pointer"", ""tensor_descriptor"", ""pointer"", ""pointer"", ""pointer""], ""load_eviction_policies"": ["""", ""first"", ""last"", """"], ""num_stages"": 4, ""num_warps"": 4, ""pid_type"": ""flat"", ""range_flattens"": [null], ""range_multi_buffers"": [null], ""range_num_stages"": [0], ""range_unroll_factors"": [0], ""range_warp_specializes"": [null], ""reduction_loops"": [null]}",ok,15.296000055968761,0.08797216415405273,1
softmax,SO_007,2048x5120,train,1,heuristics,0,fc018cf22ed54212,"{""atomic_indexing"": [], ""block_sizes"": [1], ""indexing"": [""pointer"", ""pointer"", ""tensor_descriptor"", ""pointer"", ""tensor_descriptor"", ""pointer""], ""load_eviction_policies"": [""first"", """", ""last"", ""last""], ""num_stages"": 5, ""num_warps"": 4, ""pid_type"": ""flat"", ""range_flattens"": [null], ""range_multi_buffers"": [null], ""range_num_stages"": [0], ""range_unroll_factors"": [0], ""range_warp_specializes"": [null], ""reduction_loops"": [null]}",ok,15.231999568641186,0.0805978775024414,1
softmax,SO_007,2048x5120,train,1,heuristics,0,c74b29bb5044d66d,"{""atomic_indexing"": [], ""block_sizes"": [1], ""indexing"": [""tensor_descriptor"", ""tensor_descriptor"", ""tensor_descriptor"", ""pointer"", ""pointer"", ""pointer""], ""load_eviction_policies"": ["""", ""first"", ""first"", ""first""], ""num_stages"": 8, ""num_warps"": 1, ""pid_type"": ""flat"", ""range_flattens"": [null], ""range_multi_buffers"": [null], ""range_num_stages"": [0], ""range_unroll_factors"": [0], ""range_warp_specializes"": [null], ""reduction_loops"": [null]}",ok,17.503999173641205,0.07284736633300781,1
softmax,SO_007,2048x5120,train,1,heuristics,0,4708becdd7c177b9,"{""atomic_indexing"": [], ""block_sizes"": [1], ""indexing"": [""tensor_descriptor"", ""pointer"", ""pointer"", ""pointer"", ""tensor_descriptor"", ""pointer""], ""load_eviction_policies"": ["""", ""last"", ""first"", """"], ""num_stages"": 4, ""num_warps"": 1, ""pid_type"": ""flat"", ""range_flattens"": [null], ""range_multi_buffers"": [null], ""range_num_stages"": [0], ""range_unroll_factors"": [0], ""range_warp_specializes"": [null], ""reduction_loops"": [null]}",ok,17.535999417304993,0.06556177139282227,1
softmax,SO_007,2048x5120,train,1,heuristics,0,99c5aebdeea9e7c6,"{""atomic_indexing"": [], ""block_sizes"": [1], ""indexing"": [""pointer"", ""pointer"", ""tensor_descriptor"", ""pointer"", ""pointer"", ""tensor_descriptor""], ""load_eviction_policies"": ["""", ""first"", ""last"", ""first""], ""num_stages"": 6, ""num_warps"": 1, ""pid_type"": ""flat"", ""range_flattens"": [null], ""range_multi_buffers"": [null], ""range_num_stages"": [0], ""range_unroll_factors"": [0], ""range_warp_specializes"": [null], ""reduction_loops"": [null]}",ok,17.503999173641205,0.05738186836242676,1
softmax,SO_007,2048x5120,train,1,heuristics,0,5fda1aeabce14faf,"{""atomic_indexing"": [], ""block_sizes"": [1], ""indexing"": [""tensor_descriptor"", ""pointer"", ""pointer"", ""pointer"", ""pointer"", ""tensor_descriptor""], ""load_eviction_policies"": [""first"", ""first"", ""first"", """"], ""num_stages"": 5, ""num_warps"": 1, ""pid_type"": ""flat"", ""range_flattens"": [null], ""range_multi_buffers"": [null], ""range_num_stages"": [0], ""range_unroll_factors"": [0], ""range_warp_specializes"": [null], ""reduction_loops"": [null]}",ok,17.535999417304993,0.04935407638549805,1
softmax,SO_007,2048x5120,train,1,heuristics,0,ecba085562a0f716,"{""atomic_indexing"": [], ""block_sizes"": [1], ""indexing"": [""pointer"", ""pointer"", ""tensor_descriptor"", ""pointer"", ""tensor_descriptor"", ""tensor_descriptor""], ""load_eviction_policies"": ["""", ""last"", ""first"", """"], ""num_stages"": 5, ""num_warps"": 4, ""pid_type"": ""flat"", ""range_flattens"": [null], ""range_multi_buffers"": [null], ""range_num_stages"": [0], ""range_unroll_factors"": [0], ""range_warp_specializes"": [null], ""reduction_loops"": [null]}",ok,13.504000380635262,0.04075121879577637,1
softmax,SO_007,2048x5120,train,1,heuristics,0,73ee7ebfcd167c3e,"{""atomic_indexing"": [], ""block_sizes"": [1], ""indexing"": [""pointer"", ""pointer"", ""tensor_descriptor"", ""tensor_descriptor"", ""tensor_descriptor"", ""tensor_descriptor""], ""load_eviction_policies"": [""last"", """", """", ""first""], ""num_stages"": 1, ""num_warps"": 4, ""pid_type"": ""flat"", ""range_flattens"": [null], ""range_multi_buffers"": [null], ""range_num_stages"": [0], ""range_unroll_factors"": [0], ""range_warp_specializes"": [null], ""reduction_loops"": [null]}",ok,13.407999649643898,0.0328977108001709,1
softmax,SO_007,2048x5120,train,1,heuristics,0,6fa900742bf7cad2,"{""atomic_indexing"": [], ""block_sizes"": [1], ""indexing"": [""pointer"", ""tensor_descriptor"", ""pointer"", ""pointer"", ""pointer"", ""pointer""], ""load_eviction_policies"": ["""", ""first"", """", ""last""], ""num_stages"": 2, ""num_warps"": 2, ""pid_type"": ""flat"", ""range_flattens"": [null], ""range_multi_buffers"": [null], ""range_num_stages"": [0], ""range_unroll_factors"": [0], ""range_warp_specializes"": [null], ""reduction_loops"": [null]}",ok,15.39199985563755,0.02332282066345215,1
softmax,SO_007,2048x5120,train,1,heuristics,0,4c8d5c71e5731ce4,"{""atomic_indexing"": [], ""block_sizes"": [1], ""indexing"": [""pointer"", ""tensor_descriptor"", ""tensor_descriptor"", ""pointer"", ""tensor_descriptor"", ""tensor_descriptor""], ""load_eviction_policies"": [""last"", ""first"", ""last"", """"], ""num_stages"": 4, ""num_warps"": 2, ""pid_type"": ""flat"", ""range_flattens"": [null], ""range_multi_buffers"": [null], ""range_num_stages"": [0], ""range_unroll_factors"": [0], ""range_warp_specializes"": [null], ""reduction_loops"": [null]}",ok,15.39199985563755,0.021749496459960938,1
softmax,SO_007,2048x5120,train,1,heuristics,0,40838d03edf341d5,"{""atomic_indexing"": [], ""block_sizes"": [1], ""indexing"": [""pointer"", ""pointer"", ""pointer"", ""pointer"", ""pointer"", ""pointer""], ""load_eviction_policies"": ["""", """", """", """"], ""num_stages"": 1, ""num_warps"": 4, ""pid_type"": ""flat"", ""range_flattens"": [null], ""range_multi_buffers"": [null], ""range_num_stages"": [0], ""range_unroll_factors"": [0], ""range_warp_specializes"": [null], ""reduction_loops"": [4096]}",ok,25.536000728607178,0.02308034896850586,0
softmax,SO_007,2048x5120,train,1,heuristics,0,34ac82956683444a,"{""atomic_indexing"": [], ""block_sizes"": [1], ""indexing"": [""pointer"", ""pointer"", ""pointer"", ""pointer"", ""pointer"", ""pointer""], ""load_eviction_policies"": ["""", """", """", """"], ""num_stages"": 2, ""num_warps"": 8, ""pid_type"": ""flat"", ""range_flattens"": [null], ""range_multi_buffers"": [null], ""range_num_stages"": [0], ""range_unroll_factors"": [0], ""range_warp_specializes"": [null], ""reduction_loops"": [4096]}",ok,25.631999596953392,0.03881645202636719,0
softmax,SO_007,2048x5120,train,1,heuristics,0,6cd74d2f333217eb,"{""atomic_indexing"": [], ""block_sizes"": [2], ""indexing"": [""pointer"", ""pointer"", ""pointer"", ""pointer"", ""pointer"", ""pointer""], ""load_eviction_policies"": ["""", """", """", """"], ""num_stages"": 2, ""num_warps"": 8, ""pid_type"": ""flat"", ""range_flattens"": [null], ""range_multi_buffers"": [null], ""range_num_stages"": [0], ""range_unroll_factors"": [0], ""range_warp_specializes"": [null], ""reduction_loops"": [4096]}",ok,25.631999596953392,0.030305862426757812,0
softmax,SO_007,2048x5120,train,1,heuristics,0,b84ff67c67f93583,"{""atomic_indexing"": [], ""block_sizes"": [4], ""indexing"": [""pointer"", ""pointer"", ""pointer"", ""pointer"", ""pointer"", ""pointer""], ""load_eviction_policies"": ["""", """", """", """"], ""num_stages"": 3, ""num_warps"": 8, ""pid_type"": ""flat"", ""range_flattens"": [null], ""range_multi_buffers"": [null], ""range_num_stages"": [0], ""range_unroll_factors"": [0], ""range_warp_specializes"": [null], ""reduction_loops"": [4096]}",ok,31.775999814271927,0.02627873420715332,0
softmax,SO_007,2048x5120,train,1,heuristics,0,fc81e86e0746f914,"{""atomic_indexing"": [], ""block_sizes"": [8], ""indexing"": [""pointer"", ""pointer"", ""pointer"", ""pointer"", ""pointer"", ""pointer""], ""load_eviction_policies"": ["""", """", """", """"], ""num_sm_multiplier"": 1, ""num_stages"": 2, ""num_warps"": 16, ""pid_type"": ""persistent_blocked"", ""range_flattens"": [null], ""range_multi_buffers"": [null], ""range_num_stages"": [0], ""range_unroll_factors"": [0], ""range_warp_specializes"": [null], ""reduction_loops"": [4096]}",ok,35.87200120091438,0.025609970092773438,0
softmax,SO_007,2048x5120,train,1,heuristics,0,4667149e1a41bc53,"{""atomic_indexing"": [], ""block_sizes"": [4], ""indexing"": [""tensor_descriptor"", ""tensor_descriptor"", ""tensor_descriptor"", ""tensor_descriptor"", ""tensor_descriptor"", ""tensor_descriptor""], ""load_eviction_policies"": ["""", """", """", """"], ""num_stages"": 2, ""num_warps"": 8, ""pid_type"": ""flat"", ""range_flattens"": [null], ""range_multi_buffers"": [null], ""range_num_stages"": [0], ""range_unroll_factors"": [0], ""range_warp_specializes"": [null], ""reduction_loops"": [4096]}",ok,31.775999814271927,0.02233147621154785,0
softmax,SO_007,2048x5120,train,2,heuristics,0,b48181f977e3a773,"{""atomic_indexing"": [], ""block_sizes"": [16], ""indexing"": [""tensor_descriptor"", ""tensor_descriptor"", ""pointer"", ""tensor_descriptor"", ""tensor_descriptor"", ""tensor_descriptor""], ""load_eviction_policies"": [""last"", ""first"", """", ""last""], ""num_stages"": 3, ""num_warps"": 16, ""pid_type"": ""flat"", ""range_flattens"": [null], ""range_multi_buffers"": [null], ""range_num_stages"": [0], ""range_unroll_factors"": [0], ""range_warp_specializes"": [null], ""reduction_loops"": [null]}",error,inf,0.31293582916259766,1
softmax,SO_007,2048x5120,train,2,heuristics,0,2eaa47515491baec,"{""atomic_indexing"": [], ""block_sizes"": [4], ""indexing"": [""pointer"", ""tensor_descriptor"", ""tensor_descriptor"", ""tensor_descriptor"", ""pointer"", ""tensor_descriptor""], ""load_eviction_policies"": ["""", """", """", ""last""], ""num_stages"": 7, ""num_warps"": 4, ""pid_type"": ""flat"", ""range_flattens"": [null], ""range_multi_buffers"": [null], ""range_num_stages"": [0], ""range_unroll_factors"": [0], ""range_warp_specializes"": [null], ""reduction_loops"": [null]}",ok,19.487999379634857,0.3048818111419678,1
softmax,SO_007,2048x5120,train,2,heuristics,0,f5217d8ba28efb96,"{""atomic_indexing"": [], ""block_sizes"": [16], ""indexing"": [""pointer"", ""pointer"", ""pointer"", ""tensor_descriptor"", ""pointer"", ""pointer""], ""load_eviction_policies"": [""first"", """", ""last"", ""last""], ""num_stages"": 4, ""num_warps"": 16, ""pid_type"": ""flat"", ""range_flattens"": [null], ""range_multi_buffers"": [null], ""range_num_stages"": [0], ""range_unroll_factors"": [0], ""range_warp_specializes"": [null], ""reduction_loops"": [null]}",ok,61.423998326063156,0.29755377769470215,1
softmax,SO_007,2048x5120,train,2,heuristics,0,2762deffa84c958d,"{""atomic_indexing"": [], ""block_sizes"": [16], ""indexing"": [""tensor_descriptor"", ""pointer"", ""pointer"", ""pointer"", ""pointer"", ""tensor_descriptor""], ""load_eviction_policies"": ["""", ""first"", ""last"", """"], ""num_stages"": 1, ""num_warps"": 16, ""pid_type"": ""flat"", ""range_flattens"": [null], ""range_multi_buffers"": [null], ""range_num_stages"": [0], ""range_unroll_factors"": [0], ""range_warp_specializes"": [null], ""reduction_loops"": [null]}",error,inf,0.28931736946105957,1
softmax,SO_007,2048x5120,train,2,heuristics,0,9075cf58f9bd030f,"{""atomic_indexing"": [], ""block_sizes"": [2], ""indexing"": [""tensor_descriptor"", ""pointer"", ""pointer"", ""tensor_descriptor"", ""pointer"", ""pointer""], ""load_eviction_policies"": [""first"", ""first"", """", """"], ""num_stages"": 5, ""num_warps"": 4, ""pid_type"": ""flat"", ""range_flattens"": [null], ""range_multi_buffers"": [null], ""range_num_stages"": [0], ""range_unroll_factors"": [0], ""range_warp_specializes"": [null], ""reduction_loops"": [null]}",ok,15.359999611973763,0.2801840305328369,1
softmax,SO_007,2048x5120,train,2,heuristics,0,737389bd6928bf84,"{""atomic_indexing"": [], ""block_sizes"": [2], ""indexing"": [""pointer"", ""tensor_descriptor"", ""pointer"", ""pointer"", ""pointer"", ""tensor_descriptor""], ""load_eviction_policies"": [""last"", """", ""first"", ""last""], ""num_stages"": 4, ""num_warps"": 4, ""pid_type"": ""flat"", ""range_flattens"": [null], ""range_multi_buffers"": [null], ""range_num_stages"": [0], ""range_unroll_factors"": [0], ""range_warp_specializes"": [null], ""reduction_loops"": [null]}",ok,15.39199985563755,0.25986599922180176,1
softmax,SO_007,2048x5120,train,2,heuristics,0,37354fe485337843,"{""atomic_indexing"": [], ""block_sizes"": [2], ""indexing"": [""pointer"", ""tensor_descriptor"", ""pointer"", ""pointer"", ""pointer"", ""pointer""], ""load_eviction_policies"": [""last"", ""last"", ""first"", ""first""], ""num_stages"": 7, ""num_warps"": 4, ""pid_type"": ""flat"", ""range_flattens"": [null], ""range_multi_buffers"": [null], ""range_num_stages"": [0], ""range_unroll_factors"": [0], ""range_warp_specializes"": [null], ""reduction_loops"": [null]}",ok,15.39199985563755,0.2506096363067627,1
softmax,SO_007,2048x5120,train,2,heuristics,0,5776fd0ad909b2f2,"{""atomic_indexing"": [], ""block_sizes"": [2], ""indexing"": [""tensor_descriptor"", ""tensor_descriptor"", ""tensor_descriptor"", ""pointer"", ""pointer"", ""pointer""], ""load_eviction_policies"": ["""", ""first"", """", ""last""], ""num_stages"": 4, ""num_warps"": 4, ""pid_type"": ""flat"", ""range_flattens"": [null], ""range_multi_buffers"": [null], ""range_num_stages"": [0], ""range_unroll_factors"": [0], ""range_warp_specializes"": [null], ""reduction_loops"": [null]}",ok,15.39199985563755,0.24276971817016602,1
softmax,SO_007,2048x5120,train,2,heuristics,0,4fbe96db09effbd2,"{""atomic_indexing"": [], ""block_sizes"": [2], ""indexing"": [""pointer"", ""pointer"", ""tensor_descriptor"", ""tensor_descriptor"", ""pointer"", ""pointer""], ""load_eviction_policies"": ["""", ""last"", ""last"", """"], ""num_stages"": 3, ""num_warps"": 4, ""pid_type"": ""flat"", ""range_flattens"": [null], ""range_multi_buffers"": [null], ""range_num_stages"": [0], ""range_unroll_factors"": [0], ""range_warp_specializes"": [null], ""reduction_loops"": [null]}",ok,15.39199985563755,0.23508143424987793,1
softmax,SO_007,2048x5120,train,2,heuristics,0,8f9244c76278f5d3,"{""atomic_indexing"": [], ""block_sizes"": [1], ""indexing"": [""pointer"", ""pointer"", ""pointer"", ""pointer"", ""pointer"", ""pointer""], ""load_eviction_policies"": ["""", """", """", """"], ""num_stages"": 1, ""num_warps"": 4, ""pid_type"": ""flat"", ""range_flattens"": [null], ""range_multi_buffers"": [null], ""range_num_stages"": [0], ""range_unroll_factors"": [0], ""range_warp_specializes"": [null], ""reduction_loops"": [null]}",ok,15.263999812304974,0.22716808319091797,1
softmax,SO_007,2048x5120,train,2,heuristics,0,95e222b5e08b45db,"{""atomic_indexing"": [], ""block_sizes"": [1], ""indexing"": [""pointer"", ""pointer"", ""pointer"", ""pointer"", ""pointer"", ""tensor_descriptor""], ""load_eviction_policies"": ["""", ""last"", """", ""first""], ""num_stages"": 3, ""num_warps"": 4, ""pid_type"": ""flat"", ""range_flattens"": [null], ""range_multi_buffers"": [null], ""range_num_stages"": [0], ""range_unroll_factors"": [0], ""range_warp_specializes"": [null], ""reduction_loops"": [null]}",ok,15.263999812304974,0.21913385391235352,1
softmax,SO_007,2048x5120,train,2,heuristics,0,e7669f72e60d9a55,"{""atomic_indexing"": [], ""block_sizes"": [1], ""indexing"": [""tensor_descriptor"", ""pointer"", ""pointer"", ""pointer"", ""tensor_descriptor"", ""pointer""], ""load_eviction_policies"": ["""", ""first"", """", ""last""], ""num_stages"": 2, ""num_warps"": 4, ""pid_type"": ""flat"", ""range_flattens"": [null], ""range_multi_buffers"": [null], ""range_num_stages"": [0], ""range_unroll_factors"": [0], ""range_warp_specializes"": [null], ""reduction_loops"": [null]}",ok,15.296000055968761,0.2111499309539795,1
softmax,SO_007,2048x5120,train,2,heuristics,0,e808571f5d538fbe,"{""atomic_indexing"": [], ""block_sizes"": [1], ""indexing"": [""tensor_descriptor"", ""tensor_descriptor"", ""tensor_descriptor"", ""pointer"", ""pointer"", ""pointer""], ""load_eviction_policies"": ["""", ""last"", ""last"", """"], ""num_stages"": 3, ""num_warps"": 4, ""pid_type"": ""flat"", ""range_flattens"": [null], ""range_multi_buffers"": [null], ""range_num_stages"": [0], ""range_unroll_factors"": [0], ""range_warp_specializes"": [null], ""reduction_loops"": [null]}",ok,13.407999649643898,0.20144009590148926,1
softmax,SO_007,2048x5120,train,2,heuristics,0,085bea581ac19295,"{""atomic_indexing"": [], ""block_sizes"": [1], ""indexing"": [""pointer"", ""pointer"", ""tensor_descriptor"", ""pointer"", ""pointer"", ""tensor_descriptor""], ""load_eviction_policies"": [""first"", """", """", """"], ""num_stages"": 4, ""num_warps"": 2, ""pid_type"": ""flat"", ""range_flattens"": [null], ""range_multi_buffers"": [null], ""range_num_stages"": [0], ""range_unroll_factors"": [0], ""range_warp_specializes"": [null], ""reduction_loops"": [null]}",ok,15.39199985563755,0.18271303176879883,1
softmax,SO_007,2048x5120,train,2,heuristics,0,1267f42f328081fb,"{""atomic_indexing"": [], ""block_sizes"": [1], ""indexing"": [""pointer"", ""tensor_descriptor"", ""pointer"", ""pointer"", ""tensor_descriptor"", ""pointer""], ""load_eviction_policies"": [""last"", ""last"", """", ""last""], ""num_stages"": 1, ""num_warps"": 2, ""pid_type"": ""flat"", ""range_flattens"": [null], ""range_multi_buffers"": [null], ""range_num_stages"": [0], ""range_unroll_factors"": [0], ""range_warp_specializes"": [null], ""reduction_loops"": [null]}",ok,15.39199985563755,0.1734776496887207,1
softmax,SO_007,2048x5120,train,2,heuristics,0,08179a1f017a849e,"{""atomic_indexing"": [], ""block_sizes"": [1], ""indexing"": [""pointer"", ""tensor_descriptor"", ""pointer"", ""tensor_descriptor"", ""pointer"", ""pointer""], ""load_eviction_policies"": ["""", ""first"", """", """"], ""num_stages"": 1, ""num_warps"": 2, ""pid_type"": ""flat"", ""range_flattens"": [null], ""range_multi_buffers"": [null], ""range_num_stages"": [0], ""range_unroll_factors"": [0], ""range_warp_specializes"": [null], ""reduction_loops"": [null]}",ok,15.39199985563755,0.16551446914672852,1
softmax,SO_007,2048x5120,train,2,heuristics,0,4db99bd1b1fd307f,"{""atomic_indexing"": [], ""block_sizes"": [1], ""indexing"": [""tensor_descriptor"", ""pointer"", ""pointer"", ""pointer"", ""tensor_descriptor"", ""pointer""], ""load_eviction_policies"": [""first"", """", ""last"", ""last""], ""num_stages"": 1, ""num_warps"": 4, ""pid_type"": ""flat"", ""range_flattens"": [null], ""range_multi_buffers"": [null], ""range_num_stages"": [0], ""range_unroll_factors"": [0], ""range_warp_specializes"": [null], ""reduction_loops"": [null]}",ok,15.296000055968761,0.15752077102661133,1
softmax,SO_007,2048x5120,train,2,heuristics,0,e9936258141334eb,"{""atomic_indexing"": [], ""block_sizes"": [1], ""indexing"": [""tensor_descriptor"", ""pointer"", ""pointer"", ""pointer"", ""pointer"", ""tensor_descriptor""], ""load_eviction_policies"": [""first"", ""first"", ""last"", ""last""], ""num_stages"": 4, ""num_warps"": 2, ""pid_type"": ""flat"", ""range_flattens"": [null], ""range_multi_buffers"": [null], ""range_num_stages"": [0], ""range_unroll_factors"": [0], ""range_warp_specializes"": [null], ""reduction_loops"": [null]}",ok,15.39199985563755,0.14988422393798828,1
softmax,SO_007,2048x5120,train,2,heuristics,0,434f8e224d142a8b,"{""atomic_indexing"": [], ""block_sizes"": [1], ""indexing"": [""tensor_descriptor"", ""tensor_descriptor"", ""tensor_descriptor"", ""tensor_descriptor"", ""tensor_descriptor"", ""pointer""], ""load_eviction_policies"": ["""", ""first"", """", """"], ""num_stages"": 3, ""num_warps"": 4, ""pid_type"": ""flat"", ""range_flattens"": [null], ""range_multi_buffers"": [null], ""range_num_stages"": [0], ""range_unroll_factors"": [0], ""range_warp_specializes"": [null], ""reduction_loops"": [null]}",ok,13.407999649643898,0.14217042922973633,1
softmax,SO_007,2048x5120,train,2,heuristics,0,68752d78a5f2f718,"{""atomic_indexing"": [], ""block_sizes"": [1], ""indexing"": [""pointer"", ""tensor_descriptor"", ""tensor_descriptor"", ""tensor_descriptor"", ""pointer"", ""tensor_descriptor""], ""load_eviction_policies"": ["""", """", ""last"", """"], ""num_stages"": 5, ""num_warps"": 4, ""pid_type"": ""flat"", ""range_flattens"": [null], ""range_multi_buffers"": [null], ""range_num_stages"": [0], ""range_unroll_factors"": [0], ""range_warp_specializes"": [null], ""reduction_loops"": [null]}",ok,15.263999812304974,0.1339406967163086,1
softmax,SO_007,2048x5120,train,2,heuristics,0,4856eb1714f29c07,"{""atomic_indexing"": [], ""block_sizes"": [1], ""indexing"": [""pointer"", ""pointer"", ""tensor_descriptor"", ""pointer"", ""pointer"", ""pointer""], ""load_eviction_policies"": ["""", ""first"", ""last"", """"], ""num_stages"": 4, ""num_warps"": 4, ""pid_type"": ""flat"", ""range_flattens"": [null], ""range_multi_buffers"": [null], ""range_num_stages"": [0], ""range_unroll_factors"": [0], ""range_warp_specializes"": [null], ""reduction_loops"": [null]}",ok,15.263999812304974,0.12613749504089355,1
softmax,SO_007,2048x5120,train,2,heuristics,0,fc018cf22ed54212,"{""atomic_indexing"": [], ""block_sizes"": [1], ""indexing"": [""pointer"", ""pointer"", ""tensor_descriptor"", ""pointer"", ""tensor_descriptor"", ""pointer""], ""load_eviction_policies"": [""first"", """", ""last"", ""last""], ""num_stages"": 5, ""num_warps"": 4, ""pid_type"": ""flat"", ""range_flattens"": [null], ""range_multi_buffers"": [null], ""range_num_stages"": [0], ""range_unroll_factors"": [0], ""range_warp_specializes"": [null], ""reduction_loops"": [null]}",ok,14.543999917805195,0.10557913780212402,1
softmax,SO_007,2048x5120,train,2,heuristics,0,c74b29bb5044d66d,"{""atomic_indexing"": [], ""block_sizes"": [1], ""indexing"": [""tensor_descriptor"", ""tensor_descriptor"", ""tensor_descriptor"", ""pointer"", ""pointer"", ""pointer""], ""load_eviction_policies"": ["""", ""first"", ""first"", ""first""], ""num_stages"": 8, ""num_warps"": 1, ""pid_type"": ""flat"", ""range_flattens"": [null], ""range_multi_buffers"": [null], ""range_num_stages"": [0], ""range_unroll_factors"": [0], ""range_warp_specializes"": [null], ""reduction_loops"": [null]}",ok,17.503999173641205,0.09546136856079102,1
softmax,SO_007,2048x5120,train,2,heuristics,0,4708becdd7c177b9,"{""atomic_indexing"": [], ""block_sizes"": [1], ""indexing"": [""tensor_descriptor"", ""pointer"", ""pointer"", ""pointer"", ""tensor_descriptor"", ""pointer""], ""load_eviction_policies"": ["""", ""last"", ""first"", """"], ""num_stages"": 4, ""num_warps"": 1, ""pid_type"": ""flat"", ""range_flattens"": [null], ""range_multi_buffers"": [null], ""range_num_stages"": [0], ""range_unroll_factors"": [0], ""range_warp_specializes"": [null], ""reduction_loops"": [null]}",ok,17.503999173641205,0.07565546035766602,1
softmax,SO_007,2048x5120,train,2,heuristics,0,99c5aebdeea9e7c6,"{""atomic_indexing"": [], ""block_sizes"": [1], ""indexing"": [""pointer"", ""pointer"", ""tensor_descriptor"", ""pointer"", ""pointer"", ""tensor_descriptor""], ""load_eviction_policies"": ["""", ""first"", ""last"", ""first""], ""num_stages"": 6, ""num_warps"": 1, ""pid_type"": ""flat"", ""range_flattens"": [null], ""range_multi_buffers"": [null], ""range_num_stages"": [0], ""range_unroll_factors"": [0], ""range_warp_specializes"": [null], ""reduction_loops"": [null]}",ok,17.503999173641205,0.06742238998413086,1
softmax,SO_007,2048x5120,train,2,heuristics,0,5fda1aeabce14faf,"{""atomic_indexing"": [], ""block_sizes"": [1], ""indexing"": [""tensor_descriptor"", ""pointer"", ""pointer"", ""pointer"", ""pointer"", ""tensor_descriptor""], ""load_eviction_policies"": [""first"", ""first"", ""first"", """"], ""num_stages"": 5, ""num_warps"": 1, ""pid_type"": ""flat"", ""range_flattens"": [null], ""range_multi_buffers"": [null], ""range_num_stages"": [0], ""range_unroll_factors"": [0], ""range_warp_specializes"": [null], ""reduction_loops"": [null]}",ok,17.535999417304993,0.047997474670410156,1
softmax,SO_007,2048x5120,train,2,heuristics,0,ecba085562a0f716,"{""atomic_indexing"": [], ""block_sizes"": [1], ""indexing"": [""pointer"", ""pointer"", ""tensor_descriptor"", ""pointer"", ""tensor_descriptor"", ""tensor_descriptor""], ""load_eviction_policies"": ["""", ""last"", ""first"", """"], ""num_stages"": 5, ""num_warps"": 4, ""pid_type"": ""flat"", ""range_flattens"": [null], ""range_multi_buffers"": [null], ""range_num_stages"": [0], ""range_unroll_factors"": [0], ""range_warp_specializes"": [null], ""reduction_loops"": [null]}",ok,13.407999649643898,0.03985476493835449,1
softmax,SO_007,2048x5120,train,2,heuristics,0,73ee7ebfcd167c3e,"{""atomic_indexing"": [], ""block_sizes"": [1], ""indexing"": [""pointer"", ""pointer"", ""tensor_descriptor"", ""tensor_descriptor"", ""tensor_descriptor"", ""tensor_descriptor""], ""load_eviction_policies"": [""last"", """", """", ""first""], ""num_stages"": 1, ""num_warps"": 4, ""pid_type"": ""flat"", ""range_flattens"": [null], ""range_multi_buffers"": [null], ""range_num_stages"": [0], ""range_unroll_factors"": [0], ""range_warp_specializes"": [null], ""reduction_loops"": [null]}",ok,14.495999552309513,0.03203153610229492,1
softmax,SO_007,2048x5120,train,2,heuristics,0,6fa900742bf7cad2,"{""atomic_indexing"": [], ""block_sizes"": [1], ""indexing"": [""pointer"", ""tensor_descriptor"", ""pointer"", ""pointer"", ""pointer"", ""pointer""], ""load_eviction_policies"": ["""", ""first"", """", ""last""], ""num_stages"": 2, ""num_warps"": 2, ""pid_type"": ""flat"", ""range_flattens"": [null], ""range_multi_buffers"": [null], ""range_num_stages"": [0], ""range_unroll_factors"": [0], ""range_warp_specializes"": [null], ""reduction_loops"": [null]}",ok,15.39199985563755,0.024537086486816406,1
softmax,SO_007,2048x5120,train,2,heuristics,0,4c8d5c71e5731ce4,"{""atomic_indexing"": [], ""block_sizes"": [1], ""indexing"": [""pointer"", ""tensor_descriptor"", ""tensor_descriptor"", ""pointer"", ""tensor_descriptor"", ""tensor_descriptor""], ""load_eviction_policies"": [""last"", ""first"", ""last"", """"], ""num_stages"": 4, ""num_warps"": 2, ""pid_type"": ""flat"", ""range_flattens"": [null], ""range_multi_buffers"": [null], ""range_num_stages"": [0], ""range_unroll_factors"": [0], ""range_warp_specializes"": [null], ""reduction_loops"": [null]}",ok,15.39199985563755,0.022974252700805664,1
softmax,SO_007,2048x5120,train,2,heuristics,0,40838d03edf341d5,"{""atomic_indexing"": [], ""block_sizes"": [1], ""indexing"": [""pointer"", ""pointer"", ""pointer"", ""pointer"", ""pointer"", ""pointer""], ""load_eviction_policies"": ["""", """", """", """"], ""num_stages"": 1, ""num_warps"": 4, ""pid_type"": ""flat"", ""range_flattens"": [null], ""range_multi_buffers"": [null], ""range_num_stages"": [0], ""range_unroll_factors"": [0], ""range_warp_specializes"": [null], ""reduction_loops"": [4096]}",ok,25.567999109625816,0.02178168296813965,0
softmax,SO_007,2048x5120,train,2,heuristics,0,d85eccc48e905209,"{""atomic_indexing"": [], ""block_sizes"": [4], ""indexing"": [""pointer"", ""pointer"", ""pointer"", ""pointer"", ""pointer"", ""pointer""], ""load_eviction_policies"": ["""", """", """", """"], ""num_stages"": 2, ""num_warps"": 8, ""pid_type"": ""flat"", ""range_flattens"": [null], ""range_multi_buffers"": [null], ""range_num_stages"": [0], ""range_unroll_factors"": [0], ""range_warp_specializes"": [null], ""reduction_loops"": [4096]}",ok,31.775999814271927,0.036427974700927734,0
softmax,SO_007,2048x5120,train,2,heuristics,0,face1feb62b32533,"{""atomic_indexing"": [], ""block_sizes"": [8], ""indexing"": [""pointer"", ""pointer"", ""pointer"", ""pointer"", ""pointer"", ""pointer""], ""load_eviction_policies"": ["""", """", """", """"], ""num_sm_multiplier"": 1, ""num_stages"": 2, ""num_warps"": 8, ""pid_type"": ""persistent_blocked"", ""range_flattens"": [null], ""range_multi_buffers"": [null], ""range_num_stages"": [0], ""range_unroll_factors"": [0], ""range_warp_specializes"": [null], ""reduction_loops"": [4096]}",ok,37.91999816894531,0.0258944034576416,0
softmax,SO_007,2048x5120,train,2,heuristics,0,9a692162c8d35946,"{""atomic_indexing"": [], ""block_sizes"": [16], ""indexing"": [""pointer"", ""pointer"", ""pointer"", ""pointer"", ""pointer"", ""pointer""], ""load_eviction_policies"": ["""", """", """", """"], ""num_stages"": 3, ""num_warps"": 16, ""pid_type"": ""flat"", ""range_flattens"": [null], ""range_multi_buffers"": [null], ""range_num_stages"": [0], ""range_unroll_factors"": [0], ""range_warp_specializes"": [null], ""reduction_loops"": [4096]}",ok,50.08000135421753,1.7689805030822754,0
softmax,SO_007,2048x5120,train,2,heuristics,0,d24cb0152cb4731d,"{""atomic_indexing"": [], ""block_sizes"": [2], ""indexing"": [""tensor_descriptor"", ""tensor_descriptor"", ""tensor_descriptor"", ""tensor_descriptor"", ""tensor_descriptor"", ""tensor_descriptor""], ""load_eviction_policies"": ["""", """", """", """"], ""num_stages"": 1, ""num_warps"": 8, ""pid_type"": ""flat"", ""range_flattens"": [null], ""range_multi_buffers"": [null], ""range_num_stages"": [0], ""range_unroll_factors"": [0], ""range_warp_specializes"": [null], ""reduction_loops"": [4096]}",ok,25.631999596953392,0.028522491455078125,0
softmax,SO_101,256x1024,heldout,0,heuristics,0,b48181f977e3a773,"{""atomic_indexing"": [], ""block_sizes"": [16], ""indexing"": [""tensor_descriptor"", ""tensor_descriptor"", ""pointer"", ""tensor_descriptor"", ""tensor_descriptor"", ""tensor_descriptor""], ""load_eviction_policies"": [""last"", ""first"", """", ""last""], ""num_stages"": 3, ""num_warps"": 16, ""pid_type"": ""flat"", ""range_flattens"": [null], ""range_multi_buffers"": [null], ""range_num_stages"": [0], ""range_unroll_factors"": [0], ""range_warp_specializes"": [null], ""reduction_loops"": [null]}",ok,11.392000131309032,0.4366037845611572,1
softmax,SO_101,256x1024,heldout,0,heuristics,0,2eaa47515491baec,"{""atomic_indexing"": [], ""block_sizes"": [4], ""indexing"": [""pointer"", ""tensor_descriptor"", ""tensor_descriptor"", ""tensor_descriptor"", ""pointer"", ""tensor_descriptor""], ""load_eviction_policies"": ["""", """", """", ""last""], ""num_stages"": 7, ""num_warps"": 4, ""pid_type"": ""flat"", ""range_flattens"": [null], ""range_multi_buffers"": [null], ""range_num_stages"": [0], ""range_unroll_factors"": [0], ""range_warp_specializes"": [null], ""reduction_loops"": [null]}",ok,7.23200011998415,0.42456603050231934,1
softmax,SO_101,256x1024,heldout,0,heuristics,0,f5217d8ba28efb96,"{""atomic_indexing"": [], ""block_sizes"": [16], ""indexing"": [""pointer"", ""pointer"", ""pointer"", ""tensor_descriptor"", ""pointer"", ""pointer""], ""load_eviction_policies"": [""first"", """", ""last"", ""last""], ""num_stages"": 4, ""num_warps"": 16, ""pid_type"": ""flat"", ""range_flattens"": [null], ""range_multi_buffers"": [null], ""range_num_stages"": [0], ""range_unroll_factors"": [0], ""range_warp_specializes"": [null], ""reduction_loops"": [null]}",ok,9.247999638319016,0.4131648540496826,1
softmax,SO_101,256x1024,heldout,0,heuristics,0,2762deffa84c958d,"{""atomic_indexing"": [], ""block_sizes"": [16], ""indexing"": [""tensor_descriptor"", ""pointer"", ""pointer"", ""pointer"", ""pointer"", ""tensor_descriptor""], ""load_eviction_policies"": ["""", ""first"", ""last"", """"], ""num_stages"": 1, ""num_warps"": 16, ""pid_type"": ""flat"", ""range_flattens"": [null], ""range_multi_buffers"": [null], ""range_num_stages"": [0], ""range_unroll_factors"": [0], ""range_warp_specializes"": [null], ""reduction_loops"": [null]}",ok,11.264000087976456,0.4053316116333008,1
softmax,SO_101,256x1024,heldout,0,heuristics,0,9075cf58f9bd030f,"{""atomic_indexing"": [], ""block_sizes"": [2], ""indexing"": [""tensor_descriptor"", ""pointer"", ""pointer"", ""tensor_descriptor"", ""pointer"", ""pointer""], ""load_eviction_policies"": [""first"", ""first"", """", """"], ""num_stages"": 5, ""num_warps"": 4, ""pid_type"": ""flat"", ""range_flattens"": [null], ""range_multi_buffers"": [null], ""range_num_stages"": [0], ""range_unroll_factors"": [0], ""range_warp_specializes"": [null], ""reduction_loops"": [null]}",ok,7.199999876320362,0.39679408073425293,1
softmax,SO_101,256x1024,heldout,0,heuristics,0,737389bd6928bf84,"{""atomic_indexing"": [], ""block_sizes"": [2], ""indexing"": [""pointer"", ""tensor_descriptor"", ""pointer"", ""pointer"", ""pointer"", ""tensor_descriptor""], ""load_eviction_policies"": [""last"", """", ""first"", ""last""], ""num_stages"": 4, ""num_warps"": 4, ""pid_type"": ""flat"", ""range_flattens"": [null], ""range_multi_buffers"": [null], ""range_num_stages"": [0], ""range_unroll_factors"": [0], ""range_warp_specializes"": [null], ""reduction_loops"": [null]}",ok,7.199999876320362,0.37760329246520996,1
softmax,SO_101,256x1024,heldout,0,heuristics,0,37354fe485337843,"{""atomic_indexing"": [], ""block_sizes"": [2], ""indexing"": [""pointer"", ""tensor_descriptor"", ""pointer"", ""pointer"", ""pointer"", ""pointer""], ""load_eviction_policies"": [""last"", ""last"", ""first"", ""first""], ""num_stages"": 7, ""num_warps"": 4, ""pid_type"": ""flat"", ""range_flattens"": [null], ""range_multi_buffers"": [null], ""range_num_stages"": [0], ""range_unroll_factors"": [0], ""range_warp_specializes"": [null], ""reduction_loops"": [null]}",ok,7.199999876320362,0.3626997470855713,1
softmax,SO_101,256x1024,heldout,0,heuristics,0,5776fd0ad909b2f2,"{""atomic_indexing"": [], ""block_sizes"": [2], ""indexing"": [""tensor_descriptor"", ""tensor_descriptor"", ""tensor_descriptor"", ""pointer"", ""pointer"", ""pointer""], ""load_eviction_policies"": ["""", ""first"", """", ""last""], ""num_stages"": 4, ""num_warps"": 4, ""pid_type"": ""flat"", ""range_flattens"": [null], ""range_multi_buffers"": [null], ""range_num_stages"": [0], ""range_unroll_factors"": [0], ""range_warp_specializes"": [null], ""reduction_loops"": [null]}",ok,7.199999876320362,0.34390997886657715,1
softmax,SO_101,256x1024,heldout,0,heuristics,0,4fbe96db09effbd2,"{""atomic_indexing"": [], ""block_sizes"": [2], ""indexing"": [""pointer"", ""pointer"", ""tensor_descriptor"", ""tensor_descriptor"", ""pointer"", ""pointer""], ""load_eviction_policies"": ["""", ""last"", ""last"", """"], ""num_stages"": 3, ""num_warps"": 4, ""pid_type"": ""flat"", ""range_flattens"": [null], ""range_multi_buffers"": [null], ""range_num_stages"": [0], ""range_unroll_factors"": [0], ""range_warp_specializes"": [null], ""reduction_loops"": [null]}",ok,7.199999876320362,0.3327758312225342,1
softmax,SO_101,256x1024,heldout,0,heuristics,0,95e222b5e08b45db,"{""atomic_indexing"": [], ""block_sizes"": [1], ""indexing"": [""pointer"", ""pointer"", ""pointer"", ""pointer"", ""pointer"", ""tensor_descriptor""], ""load_eviction_policies"": ["""", ""last"", """", ""first""], ""num_stages"": 3, ""num_warps"": 4, ""pid_type"": ""flat"", ""range_flattens"": [null], ""range_multi_buffers"": [null], ""range_num_stages"": [0], ""range_unroll_factors"": [0], ""range_warp_specializes"": [null], ""reduction_loops"": [null]}",ok,7.199999876320362,0.3133881092071533,1
softmax,SO_101,256x1024,heldout,0,heuristics,0,e7669f72e60d9a55,"{""atomic_indexing"": [], ""block_sizes"": [1], ""indexing"": [""tensor_descriptor"", ""pointer"", ""pointer"", ""pointer"", ""tensor_descriptor"", ""pointer""], ""load_eviction_policies"": ["""", ""first"", """", ""last""], ""num_stages"": 2, ""num_warps"": 4, ""pid_type"": ""flat"", ""range_flattens"": [null], ""range_multi_buffers"": [null], ""range_num_stages"": [0], ""range_unroll_factors"": [0], ""range_warp_specializes"": [null], ""reduction_loops"": [null]}",ok,7.199999876320362,0.29365086555480957,1
softmax,SO_101,256x1024,heldout,0,heuristics,0,e808571f5d538fbe,"{""atomic_indexing"": [], ""block_sizes"": [1], ""indexing"": [""tensor_descriptor"", ""tensor_descriptor"", ""tensor_descriptor"", ""pointer"", ""pointer"", ""pointer""], ""load_eviction_policies"": ["""", ""last"", ""last"", """"], ""num_stages"": 3, ""num_warps"": 4, ""pid_type"": ""flat"", ""range_flattens"": [null], ""range_multi_buffers"": [null], ""range_num_stages"": [0], ""range_unroll_factors"": [0], ""range_warp_specializes"": [null], ""reduction_loops"": [null]}",ok,7.199999876320362,0.27478766441345215,1
softmax,SO_101,256x1024,heldout,0,heuristics,0,085bea581ac19295,"{""atomic_indexing"": [], ""block_sizes"": [1], ""indexing"": [""pointer"", ""pointer"", ""tensor_descriptor"", ""pointer"", ""pointer"", ""tensor_descriptor""], ""load_eviction_policies"": [""first"", """", """", """"], ""num_stages"": 4, ""num_warps"": 2, ""pid_type"": ""flat"", ""range_flattens"": [null], ""range_multi_buffers"": [null], ""range_num_stages"": [0], ""range_unroll_factors"": [0], ""range_warp_specializes"": [null], ""reduction_loops"": [null]}",ok,7.199999876320362,0.2630472183227539,1
softmax,SO_101,256x1024,heldout,0,heuristics,0,1267f42f328081fb,"{""atomic_indexing"": [], ""block_sizes"": [1], ""indexing"": [""pointer"", ""tensor_descriptor"", ""pointer"", ""pointer"", ""tensor_descriptor"", ""pointer""], ""load_eviction_policies"": [""last"", ""last"", """", ""last""], ""num_stages"": 1, ""num_warps"": 2, ""pid_type"": ""flat"", ""range_flattens"": [null], ""range_multi_buffers"": [null], ""range_num_stages"": [0], ""range_unroll_factors"": [0], ""range_warp_specializes"": [null], ""reduction_loops"": [null]}",ok,7.199999876320362,0.24379611015319824,1
softmax,SO_101,256x1024,heldout,0,heuristics,0,08179a1f017a849e,"{""atomic_indexing"": [], ""block_sizes"": [1], ""indexing"": [""pointer"", ""tensor_descriptor"", ""pointer"", ""tensor_descriptor"", ""pointer"", ""pointer""], ""load_eviction_policies"": ["""", ""first"", """", """"], ""num_stages"": 1, ""num_warps"": 2, ""pid_type"": ""flat"", ""range_flattens"": [null], ""range_multi_buffers"": [null], ""range_num_stages"": [0], ""range_unroll_factors"": [0], ""range_warp_specializes"": [null], ""reduction_loops"": [null]}",ok,7.199999876320362,0.23216748237609863,1
softmax,SO_101,256x1024,heldout,0,heuristics,0,4db99bd1b1fd307f,"{""atomic_indexing"": [], ""block_sizes"": [1], ""indexing"": [""tensor_descriptor"", ""pointer"", ""pointer"", ""pointer"", ""tensor_descriptor"", ""pointer""], ""load_eviction_policies"": [""first"", """", ""last"", ""last""], ""num_stages"": 1, ""num_warps"": 4, ""pid_type"": ""flat"", ""range_flattens"": [null], ""range_multi_buffers"": [null], ""range_num_stages"": [0], ""range_unroll_factors"": [0], ""range_warp_specializes"": [null], ""reduction_loops"": [null]}",ok,7.199999876320362,0.2133922576904297,1
softmax,SO_101,256x1024,heldout,0,heuristics,0,e9936258141334eb,"{""atomic_indexing"": [], ""block_sizes"": [1], ""indexing"": [""tensor_descriptor"", ""pointer"", ""pointer"", ""pointer"", ""pointer"", ""tensor_descriptor""], ""load_eviction_policies"": [""first"", ""first"", ""last"", ""last""], ""num_stages"": 4, ""num_warps"": 2, ""pid_type"": ""flat"", ""range_flattens"": [null], ""range_multi_buffers"": [null], ""range_num_stages"": [0], ""range_unroll_factors"": [0], ""range_warp_specializes"": [null], ""reduction_loops"": [null]}",ok,7.199999876320362,0.2013556957244873,1
softmax,SO_101,256x1024,heldout,0,heuristics,0,434f8e224d142a8b,"{""atomic_indexing"": [], ""block_sizes"": [1], ""indexing"": [""tensor_descriptor"", ""tensor_descriptor"", ""tensor_descriptor"", ""tensor_descriptor"", ""tensor_descriptor"", ""pointer""], ""load_eviction_policies"": ["""", ""first"", """", """"], ""num_stages"": 3, ""num_warps"": 4, ""pid_type"": ""flat"", ""range_flattens"": [null], ""range_multi_buffers"": [null], ""range_num_stages"": [0], ""range_unroll_factors"": [0], ""range_warp_specializes"": [null], ""reduction_loops"": [null]}",ok,7.199999876320362,0.19278407096862793,1
softmax,SO_101,256x1024,heldout,0,heuristics,0,68752d78a5f2f718,"{""atomic_indexing"": [], ""block_sizes"": [1], ""indexing"": [""pointer"", ""tensor_descriptor"", ""tensor_descriptor"", ""tensor_descriptor"", ""pointer"", ""tensor_descriptor""], ""load_eviction_policies"": ["""", """", ""last"", """"], ""num_stages"": 5, ""num_warps"": 4, ""pid_type"": ""flat"", ""range_flattens"": [null], ""range_multi_buffers"": [null], ""range_num_stages"": [0], ""range_unroll_factors"": [0], ""range_warp_specializes"": [null], ""reduction_loops"": [null]}",ok,7.199999876320362,0.17321538925170898,1
softmax,SO_101,256x1024,heldout,0,heuristics,0,4856eb1714f29c07,"{""atomic_indexing"": [], ""block_sizes"": [1], ""indexing"": [""pointer"", ""pointer"", ""tensor_descriptor"", ""pointer"", ""pointer"", ""pointer""], ""load_eviction_policies"": ["""", ""first"", ""last"", """"], ""num_stages"": 4, ""num_warps"": 4, ""pid_type"": ""flat"", ""range_flattens"": [null], ""range_multi_buffers"": [null], ""range_num_stages"": [0], ""range_unroll_factors"": [0], ""range_warp_specializes"": [null], ""reduction_loops"": [null]}",ok,7.199999876320362,0.1651315689086914,1
softmax,SO_101,256x1024,heldout,0,heuristics,0,fc018cf22ed54212,"{""atomic_indexing"": [], ""block_sizes"": [1], ""indexing"": [""pointer"", ""pointer"", ""tensor_descriptor"", ""pointer"", ""tensor_descriptor"", ""pointer""], ""load_eviction_policies"": [""first"", """", ""last"", ""last""], ""num_stages"": 5, ""num_warps"": 4, ""pid_type"": ""flat"", ""range_flattens"": [null], ""range_multi_buffers"": [null], ""range_num_stages"": [0], ""range_unroll_factors"": [0], ""range_warp_specializes"": [null], ""reduction_loops"": [null]}",ok,7.199999876320362,0.14487218856811523,1
softmax,SO_101,256x1024,heldout,0,heuristics,0,c74b29bb5044d66d,"{""atomic_indexing"": [], ""block_sizes"": [1], ""indexing"": [""tensor_descriptor"", ""tensor_descriptor"", ""tensor_descriptor"", ""pointer"", ""pointer"", ""pointer""], ""load_eviction_policies"": ["""", ""first"", ""first"", ""first""], ""num_stages"": 8, ""num_warps"": 1, ""pid_type"": ""flat"", ""range_flattens"": [null], ""range_multi_buffers"": [null], ""range_num_stages"": [0], ""range_unroll_factors"": [0], ""range_warp_specializes"": [null], ""reduction_loops"": [null]}",ok,7.199999876320362,0.13642597198486328,1
softmax,SO_101,256x1024,heldout,0,heuristics,0,4708becdd7c177b9,"{""atomic_indexing"": [], ""block_sizes"": [1], ""indexing"": [""tensor_descriptor"", ""pointer"", ""pointer"", ""pointer"", ""tensor_descriptor"", ""pointer""], ""load_eviction_policies"": ["""", ""last"", ""first"", """"], ""num_stages"": 4, ""num_warps"": 1, ""pid_type"": ""flat"", ""range_flattens"": [null], ""range_multi_buffers"": [null], ""range_num_stages"": [0], ""range_unroll_factors"": [0], ""range_warp_specializes"": [null], ""reduction_loops"": [null]}",ok,7.199999876320362,0.11597013473510742,1
softmax,SO_101,256x1024,heldout,0,heuristics,0,99c5aebdeea9e7c6,"{""atomic_indexing"": [], ""block_sizes"": [1], ""indexing"": [""pointer"", ""pointer"", ""tensor_descriptor"", ""pointer"", ""pointer"", ""tensor_descriptor""], ""load_eviction_policies"": ["""", ""first"", ""last"", ""first""], ""num_stages"": 6, ""num_warps"": 1, ""pid_type"": ""flat"", ""range_flattens"": [null], ""range_multi_buffers"": [null], ""range_num_stages"": [0], ""range_unroll_factors"": [0], ""range_warp_specializes"": [null], ""reduction_loops"": [null]}",ok,7.199999876320362,0.10724306106567383,1
softmax,SO_101,256x1024,heldout,0,heuristics,0,5fda1aeabce14faf,"{""atomic_indexing"": [], ""block_sizes"": [1], ""indexing"": [""tensor_descriptor"", ""pointer"", ""pointer"", ""pointer"", ""pointer"", ""tensor_descriptor""], ""load_eviction_policies"": [""first"", ""first"", ""first"", """"], ""num_stages"": 5, ""num_warps"": 1, ""pid_type"": ""flat"", ""range_flattens"": [null], ""range_multi_buffers"": [null], ""range_num_stages"": [0], ""range_unroll_factors"": [0], ""range_warp_specializes"": [null], ""reduction_loops"": [null]}",ok,7.199999876320362,0.08772826194763184,1
softmax,SO_101,256x1024,heldout,0,heuristics,0,ecba085562a0f716,"{""atomic_indexing"": [], ""block_sizes"": [1], ""indexing"": [""pointer"", ""pointer"", ""tensor_descriptor"", ""pointer"", ""tensor_descriptor"", ""tensor_descriptor""], ""load_eviction_policies"": ["""", ""last"", ""first"", """"], ""num_stages"": 5, ""num_warps"": 4, ""pid_type"": ""flat"", ""range_flattens"": [null], ""range_multi_buffers"": [null], ""range_num_stages"": [0], ""range_unroll_factors"": [0], ""range_warp_specializes"": [null], ""reduction_loops"": [null]}",ok,7.199999876320362,0.07750678062438965,1
softmax,SO_101,256x1024,heldout,0,heuristics,0,73ee7ebfcd167c3e,"{""atomic_indexing"": [], ""block_sizes"": [1], ""indexing"": [""pointer"", ""pointer"", ""tensor_descriptor"", ""tensor_descriptor"", ""tensor_descriptor"", ""tensor_descriptor""], ""load_eviction_policies"": [""last"", """", """", ""first""], ""num_stages"": 1, ""num_warps"": 4, ""pid_type"": ""flat"", ""range_flattens"": [null], ""range_multi_buffers"": [null], ""range_num_stages"": [0], ""range_unroll_factors"": [0], ""range_warp_specializes"": [null], ""reduction_loops"": [null]}",ok,7.199999876320362,0.058443307876586914,1
softmax,SO_101,256x1024,heldout,0,heuristics,0,6fa900742bf7cad2,"{""atomic_indexing"": [], ""block_sizes"": [1], ""indexing"": [""pointer"", ""tensor_descriptor"", ""pointer"", ""pointer"", ""pointer"", ""pointer""], ""load_eviction_policies"": ["""", ""first"", """", ""last""], ""num_stages"": 2, ""num_warps"": 2, ""pid_type"": ""flat"", ""range_flattens"": [null], ""range_multi_buffers"": [null], ""range_num_stages"": [0], ""range_unroll_factors"": [0], ""range_warp_specializes"": [null], ""reduction_loops"": [null]}",ok,7.199999876320362,0.04993438720703125,1
softmax,SO_101,256x1024,heldout,0,heuristics,0,4c8d5c71e5731ce4,"{""atomic_indexing"": [], ""block_sizes"": [1], ""indexing"": [""pointer"", ""tensor_descriptor"", ""tensor_descriptor"", ""pointer"", ""tensor_descriptor"", ""tensor_descriptor""], ""load_eviction_policies"": [""last"", ""first"", ""last"", """"], ""num_stages"": 4, ""num_warps"": 2, ""pid_type"": ""flat"", ""range_flattens"": [null], ""range_multi_buffers"": [null], ""range_num_stages"": [0], ""range_unroll_factors"": [0], ""range_warp_specializes"": [null], ""reduction_loops"": [null]}",ok,7.199999876320362,0.029540300369262695,1
softmax,SO_101,256x1024,heldout,0,heuristics,0,8f9244c76278f5d3,"{""atomic_indexing"": [], ""block_sizes"": [1], ""indexing"": [""pointer"", ""pointer"", ""pointer"", ""pointer"", ""pointer"", ""pointer""], ""load_eviction_policies"": ["""", """", """", """"], ""num_stages"": 1, ""num_warps"": 4, ""pid_type"": ""flat"", ""range_flattens"": [null], ""range_multi_buffers"": [null], ""range_num_stages"": [0], ""range_unroll_factors"": [0], ""range_warp_specializes"": [null], ""reduction_loops"": [null]}",ok,7.199999876320362,0.04658627510070801,1
softmax,SO_101,256x1024,heldout,0,heuristics,0,6d9e39170044cf11,"{""atomic_indexing"": [], ""block_sizes"": [8], ""indexing"": [""pointer"", ""pointer"", ""pointer"", ""pointer"", ""pointer"", ""pointer""], ""load_eviction_policies"": ["""", """", """", """"], ""num_stages"": 1, ""num_warps"": 4, ""pid_type"": ""flat"", ""range_flattens"": [null], ""range_multi_buffers"": [null], ""range_num_stages"": [0], ""range_unroll_factors"": [0], ""range_warp_specializes"": [null], ""reduction_loops"": [null]}",ok,7.23200011998415,0.07098579406738281,0
softmax,SO_101,256x1024,heldout,0,heuristics,0,a1a2a48616d6c8b8,"{""atomic_indexing"": [], ""block_sizes"": [16], ""indexing"": [""pointer"", ""pointer"", ""pointer"", ""pointer"", ""pointer"", ""pointer""], ""load_eviction_policies"": ["""", """", """", """"], ""num_stages"": 2, ""num_warps"": 8, ""pid_type"": ""flat"", ""range_flattens"": [null], ""range_multi_buffers"": [null], ""range_num_stages"": [0], ""range_unroll_factors"": [0], ""range_warp_specializes"": [null], ""reduction_loops"": [null]}",ok,9.247999638319016,0.052611351013183594,0
softmax,SO_101,256x1024,heldout,0,heuristics,0,2eb5b841ab0c2142,"{""atomic_indexing"": [], ""block_sizes"": [32], ""indexing"": [""pointer"", ""pointer"", ""pointer"", ""pointer"", ""pointer"", ""pointer""], ""load_eviction_policies"": ["""", """", """", """"], ""num_stages"": 3, ""num_warps"": 8, ""pid_type"": ""flat"", ""range_flattens"": [null], ""range_multi_buffers"": [null], ""range_num_stages"": [0], ""range_unroll_factors"": [0], ""range_warp_specializes"": [null], ""reduction_loops"": [null]}",ok,11.296000331640244,0.03630375862121582,0
softmax,SO_101,256x1024,heldout,0,heuristics,0,5795b7ab83aaef48,"{""atomic_indexing"": [], ""block_sizes"": [4], ""indexing"": [""tensor_descriptor"", ""tensor_descriptor"", ""tensor_descriptor"", ""tensor_descriptor"", ""tensor_descriptor"", ""tensor_descriptor""], ""load_eviction_policies"": ["""", """", """", """"], ""num_stages"": 1, ""num_warps"": 4, ""pid_type"": ""flat"", ""range_flattens"": [null], ""range_multi_buffers"": [null], ""range_num_stages"": [0], ""range_unroll_factors"": [0], ""range_warp_specializes"": [null], ""reduction_loops"": [null]}",ok,7.199999876320362,0.028803110122680664,0
softmax,SO_101,256x1024,heldout,0,heuristics,0,cd010173d18f5947,"{""atomic_indexing"": [], ""block_sizes"": [64], ""indexing"": [""pointer"", ""pointer"", ""pointer"", ""pointer"", ""pointer"", ""pointer""], ""load_eviction_policies"": ["""", """", """", """"], ""num_sm_multiplier"": 1, ""num_stages"": 2, ""num_warps"": 16, ""pid_type"": ""persistent_blocked"", ""range_flattens"": [null], ""range_multi_buffers"": [null], ""range_num_stages"": [0], ""range_unroll_factors"": [0], ""range_warp_specializes"": [null], ""reduction_loops"": [null]}",ok,19.487999379634857,0.03867840766906738,0
softmax,SO_101,256x1024,heldout,1,heuristics,0,b48181f977e3a773,"{""atomic_indexing"": [], ""block_sizes"": [16], ""indexing"": [""tensor_descriptor"", ""tensor_descriptor"", ""pointer"", ""tensor_descriptor"", ""tensor_descriptor"", ""tensor_descriptor""], ""load_eviction_policies"": [""last"", ""first"", """", ""last""], ""num_stages"": 3, ""num_warps"": 16, ""pid_type"": ""flat"", ""range_flattens"": [null], ""range_multi_buffers"": [null], ""range_num_stages"": [0], ""range_unroll_factors"": [0], ""range_warp_specializes"": [null], ""reduction_loops"": [null]}",ok,11.296000331640244,0.2686126232147217,1
softmax,SO_101,256x1024,heldout,1,heuristics,0,2eaa47515491baec,"{""atomic_indexing"": [], ""block_sizes"": [4], ""indexing"": [""pointer"", ""tensor_descriptor"", ""tensor_descriptor"", ""tensor_descriptor"", ""pointer"", ""tensor_descriptor""], ""load_eviction_policies"": ["""", """", """", ""last""], ""num_stages"": 7, ""num_warps"": 4, ""pid_type"": ""flat"", ""range_flattens"": [null], ""range_multi_buffers"": [null], ""range_num_stages"": [0], ""range_unroll_factors"": [0], ""range_warp_specializes"": [null], ""reduction_loops"": [null]}",ok,7.199999876320362,0.260235071182251,1
softmax,SO_101,256x1024,heldout,1,heuristics,0,f5217d8ba28efb96,"{""atomic_indexing"": [], ""block_sizes"": [16], ""indexing"": [""pointer"", ""pointer"", ""pointer"", ""tensor_descriptor"", ""pointer"", ""pointer""], ""load_eviction_policies"": [""first"", """", ""last"", ""last""], ""num_stages"": 4, ""num_warps"": 16, ""pid_type"": ""flat"", ""range_flattens"": [null], ""range_multi_buffers"": [null], ""range_num_stages"": [0], ""range_unroll_factors"": [0], ""range_warp_specializes"": [null], ""reduction_loops"": [null]}",ok,9.247999638319016,0.252835750579834,1
softmax,SO_101,256x1024,heldout,1,heuristics,0,2762deffa84c958d,"{""atomic_indexing"": [], ""block_sizes"": [16], ""indexing"": [""tensor_descriptor"", ""pointer"", ""pointer"", ""pointer"", ""pointer"", ""tensor_descriptor""], ""load_eviction_policies"": ["""", ""first"", ""last"", """"], ""num_stages"": 1, ""num_warps"": 16, ""pid_type"": ""flat"", ""range_flattens"": [null], ""range_multi_buffers"": [null], ""range_num_stages"": [0], ""range_unroll_factors"": [0], ""range_warp_specializes"": [null], ""reduction_loops"": [null]}",ok,9.344000369310379,0.24401187896728516,1
softmax,SO_101,256x1024,heldout,1,heuristics,0,9075cf58f9bd030f,"{""atomic_indexing"": [], ""block_sizes"": [2], ""indexing"": [""tensor_descriptor"", ""pointer"", ""pointer"", ""tensor_descriptor"", ""pointer"", ""pointer""], ""load_eviction_policies"": [""first"", ""first"", """", """"], ""num_stages"": 5, ""num_warps"": 4, ""pid_type"": ""flat"", ""range_flattens"": [null], ""range_multi_buffers"": [null], ""range_num_stages"": [0], ""range_unroll_factors"": [0], ""range_warp_specializes"": [null], ""reduction_loops"": [null]}",ok,7.199999876320362,0.23594975471496582,1
softmax,SO_101,256x1024,heldout,1,heuristics,0,737389bd6928bf84,"{""atomic_indexing"": [], ""block_sizes"": [2], ""indexing"": [""pointer"", ""tensor_descriptor"", ""pointer"", ""pointer"", ""pointer"", ""tensor_descriptor""], ""load_eviction_policies"": [""last"", """", ""first"", ""last""], ""num_stages"": 4, ""num_warps"": 4, ""pid_type"": ""flat"", ""range_flattens"": [null], ""range_multi_buffers"": [null], ""range_num_stages"": [0], ""range_unroll_factors"": [0], ""range_warp_specializes"": [null], ""reduction_loops"": [null]}",ok,7.199999876320362,0.22574090957641602,1
softmax,SO_101,256x1024,heldout,1,heuristics,0,37354fe485337843,"{""atomic_indexing"": [], ""block_sizes"": [2], ""indexing"": [""pointer"", ""tensor_descriptor"", ""pointer"", ""pointer"", ""pointer"", ""pointer""], ""load_eviction_policies"": [""last"", ""last"", ""first"", ""first""], ""num_stages"": 7, ""num_warps"": 4, ""pid_type"": ""flat"", ""range_flattens"": [null], ""range_multi_buffers"": [null], ""range_num_stages"": [0], ""range_unroll_factors"": [0], ""range_warp_specializes"": [null], ""reduction_loops"": [null]}",ok,7.199999876320362,0.2179429531097412,1
softmax,SO_101,256x1024,heldout,1,heuristics,0,5776fd0ad909b2f2,"{""atomic_indexing"": [], ""block_sizes"": [2], ""indexing"": [""tensor_descriptor"", ""tensor_descriptor"", ""tensor_descriptor"", ""pointer"", ""pointer"", ""pointer""], ""load_eviction_policies"": ["""", ""first"", """", ""last""], ""num_stages"": 4, ""num_warps"": 4, ""pid_type"": ""flat"", ""range_flattens"": [null], ""range_multi_buffers"": [null], ""range_num_stages"": [0], ""range_unroll_factors"": [0], ""range_warp_specializes"": [null], ""reduction_loops"": [null]}",ok,7.168000098317862,0.20893025398254395,1
softmax,SO_101,256x1024,heldout,1,heuristics,0,4fbe96db09effbd2,"{""atomic_indexing"": [], ""block_sizes"": [2], ""indexing"": [""pointer"", ""pointer"", ""tensor_descriptor"", ""tensor_descriptor"", ""pointer"", ""pointer""], ""load_eviction_policies"": ["""", ""last"", ""last"", """"], ""num_stages"": 3, ""num_warps"": 4, ""pid_type"": ""flat"", ""range_flattens"": [null], ""range_multi_buffers"": [null], ""range_num_stages"": [0], ""range_unroll_factors"": [0], ""range_warp_specializes"": [null], ""reduction_loops"": [null]}",ok,7.199999876320362,0.20129919052124023,1
softmax,SO_101,256x1024,heldout,1,heuristics,0,95e222b5e08b45db,"{""atomic_indexing"": [], ""block_sizes"": [1], ""indexing"": [""pointer"", ""pointer"", ""pointer"", ""pointer"", ""pointer"", ""tensor_descriptor""], ""load_eviction_policies"": ["""", ""last"", """", ""first""], ""num_stages"": 3, ""num_warps"": 4, ""pid_type"": ""flat"", ""range_flattens"": [null], ""range_multi_buffers"": [null], ""range_num_stages"": [0], ""range_unroll_factors"": [0], ""range_warp_specializes"": [null], ""reduction_loops"": [null]}",ok,7.199999876320362,0.1934676170349121,1
softmax,SO_101,256x1024,heldout,1,heuristics,0,e7669f72e60d9a55,"{""atomic_indexing"": [], ""block_sizes"": [1], ""indexing"": [""tensor_descriptor"", ""pointer"", ""pointer"", ""pointer"", ""tensor_descriptor"", ""pointer""], ""load_eviction_policies"": ["""", ""first"", """", ""last""], ""num_stages"": 2, ""num_warps"": 4, ""pid_type"": ""flat"", ""range_flattens"": [null], ""range_multi_buffers"": [null], ""range_num_stages"": [0], ""range_unroll_factors"": [0], ""range_warp_specializes"": [null], ""reduction_loops"": [null]}",ok,7.199999876320362,0.1854705810546875,1
softmax,SO_101,256x1024,heldout,1,heuristics,0,e808571f5d538fbe,"{""atomic_indexing"": [], ""block_sizes"": [1], ""indexing"": [""tensor_descriptor"", ""tensor_descriptor"", ""tensor_descriptor"", ""pointer"", ""pointer"", ""pointer""], ""load_eviction_policies"": ["""", ""last"", ""last"", """"], ""num_stages"": 3, ""num_warps"": 4, ""pid_type"": ""flat"", ""range_flattens"": [null], ""range_multi_buffers"": [null], ""range_num_stages"": [0], ""range_unroll_factors"": [0], ""range_warp_specializes"": [null], ""reduction_loops"": [null]}",ok,7.199999876320362,0.16474461555480957,1
softmax,SO_101,256x1024,heldout,1,heuristics,0,085bea581ac19295,"{""atomic_indexing"": [], ""block_sizes"": [1], ""indexing"": [""pointer"", ""pointer"", ""tensor_descriptor"", ""pointer"", ""pointer"", ""tensor_descriptor""], ""load_eviction_policies"": [""first"", """", """", """"], ""num_stages"": 4, ""num_warps"": 2, ""pid_type"": ""flat"", ""range_flattens"": [null], ""range_multi_buffers"": [null], ""range_num_stages"": [0], ""range_unroll_factors"": [0], ""range_warp_specializes"": [null], ""reduction_loops"": [null]}",ok,7.199999876320362,0.15626740455627441,1
softmax,SO_101,256x1024,heldout,1,heuristics,0,1267f42f328081fb,"{""atomic_indexing"": [], ""block_sizes"": [1], ""indexing"": [""pointer"", ""tensor_descriptor"", ""pointer"", ""pointer"", ""tensor_descriptor"", ""pointer""], ""load_eviction_policies"": [""last"", ""last"", """", ""last""], ""num_stages"": 1, ""num_warps"": 2, ""pid_type"": ""flat"", ""range_flattens"": [null], ""range_multi_buffers"": [null], ""range_num_stages"": [0], ""range_unroll_factors"": [0], ""range_warp_specializes"": [null], ""reduction_loops"": [null]}",ok,7.199999876320362,0.1351470947265625,1
softmax,SO_101,256x1024,heldout,1,heuristics,0,08179a1f017a849e,"{""atomic_indexing"": [], ""block_sizes"": [1], ""indexing"": [""pointer"", ""tensor_descriptor"", ""pointer"", ""tensor_descriptor"", ""pointer"", ""pointer""], ""load_eviction_policies"": ["""", ""first"", """", """"], ""num_stages"": 1, ""num_warps"": 2, ""pid_type"": ""flat"", ""range_flattens"": [null], ""range_multi_buffers"": [null], ""range_num_stages"": [0], ""range_unroll_factors"": [0], ""range_warp_specializes"": [null], ""reduction_loops"": [null]}",ok,7.199999876320362,0.12657761573791504,1
softmax,SO_101,256x1024,heldout,1,heuristics,0,4db99bd1b1fd307f,"{""atomic_indexing"": [], ""block_sizes"": [1], ""indexing"": [""tensor_descriptor"", ""pointer"", ""pointer"", ""pointer"", ""tensor_descriptor"", ""pointer""], ""load_eviction_policies"": [""first"", """", ""last"", ""last""], ""num_stages"": 1, ""num_warps"": 4, ""pid_type"": ""flat"", ""range_flattens"": [null], ""range_multi_buffers"": [null], ""range_num_stages"": [0], ""range_unroll_factors"": [0], ""range_warp_specializes"": [null], ""reduction_loops"": [null]}",ok,7.199999876320362,0.1188211441040039,1
softmax,SO_101,256x1024,heldout,1,heuristics,0,e9936258141334eb,"{""atomic_indexing"": [], ""block_sizes"": [1], ""indexing"": [""tensor_descriptor"", ""pointer"", ""pointer"", ""pointer"", ""pointer"", ""tensor_descriptor""], ""load_eviction_policies"": [""first"", ""first"", ""last"", ""last""], ""num_stages"": 4, ""num_warps"": 2, ""pid_type"": ""flat"", ""range_flattens"": [null], ""range_multi_buffers"": [null], ""range_num_stages"": [0], ""range_unroll_factors"": [0], ""range_warp_specializes"": [null], ""reduction_loops"": [null]}",ok,7.199999876320362,0.11092209815979004,1
softmax,SO_101,256x1024,heldout,1,heuristics,0,434f8e224d142a8b,"{""atomic_indexing"": [], ""block_sizes"": [1], ""indexing"": [""tensor_descriptor"", ""tensor_descriptor"", ""tensor_descriptor"", ""tensor_descriptor"", ""tensor_descriptor"", ""pointer""], ""load_eviction_policies"": ["""", ""first"", """", """"], ""num_stages"": 3, ""num_warps"": 4, ""pid_type"": ""flat"", ""range_flattens"": [null], ""range_multi_buffers"": [null], ""range_num_stages"": [0], ""range_unroll_factors"": [0], ""range_warp_specializes"": [null], ""reduction_loops"": [null]}",ok,7.199999876320362,0.10323786735534668,1
softmax,SO_101,256x1024,heldout,1,heuristics,0,68752d78a5f2f718,"{""atomic_indexing"": [], ""block_sizes"": [1], ""indexing"": [""pointer"", ""tensor_descriptor"", ""tensor_descriptor"", ""tensor_descriptor"", ""pointer"", ""tensor_descriptor""], ""load_eviction_policies"": ["""", """", ""last"", """"], ""num_stages"": 5, ""num_warps"": 4, ""pid_type"": ""flat"", ""range_flattens"": [null], ""range_multi_buffers"": [null], ""range_num_stages"": [0], ""range_unroll_factors"": [0], ""range_warp_specializes"": [null], ""reduction_loops"": [null]}",ok,7.199999876320362,0.09607529640197754,1
softmax,SO_101,256x1024,heldout,1,heuristics,0,4856eb1714f29c07,"{""atomic_indexing"": [], ""block_sizes"": [1], ""indexing"": [""pointer"", ""pointer"", ""tensor_descriptor"", ""pointer"", ""pointer"", ""pointer""], ""load_eviction_policies"": ["""", ""first"", ""last"", """"], ""num_stages"": 4, ""num_warps"": 4, ""pid_type"": ""flat"", ""range_flattens"": [null], ""range_multi_buffers"": [null], ""range_num_stages"": [0], ""range_unroll_factors"": [0], ""range_warp_specializes"": [null], ""reduction_loops"": [null]}",ok,7.199999876320362,0.08750152587890625,1
softmax,SO_101,256x1024,heldout,1,heuristics,0,fc018cf22ed54212,"{""atomic_indexing"": [], ""block_sizes"": [1], ""indexing"": [""pointer"", ""pointer"", ""tensor_descriptor"", ""pointer"", ""tensor_descriptor"", ""pointer""], ""load_eviction_policies"": [""first"", """", ""last"", ""last""], ""num_stages"": 5, ""num_warps"": 4, ""pid_type"": ""flat"", ""range_flattens"": [null], ""range_multi_buffers"": [null], ""range_num_stages"": [0], ""range_unroll_factors"": [0], ""range_warp_specializes"": [null], ""reduction_loops"": [null]}",ok,7.199999876320362,0.08012604713439941,1
softmax,SO_101,256x1024,heldout,1,heuristics,0,c74b29bb5044d66d,"{""atomic_indexing"": [], ""block_sizes"": [1], ""indexing"": [""tensor_descriptor"", ""tensor_descriptor"", ""tensor_descriptor"", ""pointer"", ""pointer"", ""pointer""], ""load_eviction_policies"": ["""", ""first"", ""first"", ""first""], ""num_stages"": 8, ""num_warps"": 1, ""pid_type"": ""flat"", ""range_flattens"": [null], ""range_multi_buffers"": [null], ""range_num_stages"": [0], ""range_unroll_factors"": [0], ""range_warp_specializes"": [null], ""reduction_loops"": [null]}",ok,7.199999876320362,0.07158899307250977,1
softmax,SO_101,256x1024,heldout,1,heuristics,0,4708becdd7c177b9,"{""atomic_indexing"": [], ""block_sizes"": [1], ""indexing"": [""tensor_descriptor"", ""pointer"", ""pointer"", ""pointer"", ""tensor_descriptor"", ""pointer""], ""load_eviction_policies"": ["""", ""last"", ""first"", """"], ""num_stages"": 4, ""num_warps"": 1, ""pid_type"": ""flat"", ""range_flattens"": [null], ""range_multi_buffers"": [null], ""range_num_stages"": [0], ""range_unroll_factors"": [0], ""range_warp_specializes"": [null], ""reduction_loops"": [null]}",ok,7.199999876320362,0.06405854225158691,1
softmax,SO_101,256x1024,heldout,1,heuristics,0,99c5aebdeea9e7c6,"{""atomic_indexing"": [], ""block_sizes"": [1], ""indexing"": [""pointer"", ""pointer"", ""tensor_descriptor"", ""pointer"", ""pointer"", ""tensor_descriptor""], ""load_eviction_policies"": ["""", ""first"", ""last"", ""first""], ""num_stages"": 6, ""num_warps"": 1, ""pid_type"": ""flat"", ""range_flattens"": [null], ""range_multi_buffers"": [null], ""range_num_stages"": [0], ""range_unroll_factors"": [0], ""range_warp_specializes"": [null], ""reduction_loops"": [null]}",ok,7.199999876320362,0.05668997764587402,1
softmax,SO_101,256x1024,heldout,1,heuristics,0,5fda1aeabce14faf,"{""atomic_indexing"": [], ""block_sizes"": [1], ""indexing"": [""tensor_descriptor"", ""pointer"", ""pointer"", ""pointer"", ""pointer"", ""tensor_descriptor""], ""load_eviction_policies"": [""first"", ""first"", ""first"", """"], ""num_stages"": 5, ""num_warps"": 1, ""pid_type"": ""flat"", ""range_flattens"": [null], ""range_multi_buffers"": [null], ""range_num_stages"": [0], ""range_unroll_factors"": [0], ""range_warp_specializes"": [null], ""reduction_loops"": [null]}",ok,7.199999876320362,0.04864645004272461,1
softmax,SO_101,256x1024,heldout,1,heuristics,0,ecba085562a0f716,"{""atomic_indexing"": [], ""block_sizes"": [1], ""indexing"": [""pointer"", ""pointer"", ""tensor_descriptor"", ""pointer"", ""tensor_descriptor"", ""tensor_descriptor""], ""load_eviction_policies"": ["""", ""last"", ""first"", """"], ""num_stages"": 5, ""num_warps"": 4, ""pid_type"": ""flat"", ""range_flattens"": [null], ""range_multi_buffers"": [null], ""range_num_stages"": [0], ""range_unroll_factors"": [0], ""range_warp_specializes"": [null], ""reduction_loops"": [null]}",ok,7.199999876320362,0.04134964942932129,1
softmax,SO_101,256x1024,heldout,1,heuristics,0,73ee7ebfcd167c3e,"{""atomic_indexing"": [], ""block_sizes"": [1], ""indexing"": [""pointer"", ""pointer"", ""tensor_descriptor"", ""tensor_descriptor"", ""tensor_descriptor"", ""tensor_descriptor""], ""load_eviction_policies"": [""last"", """", """", ""first""], ""num_stages"": 1, ""num_warps"": 4, ""pid_type"": ""flat"", ""range_flattens"": [null], ""range_multi_buffers"": [null], ""range_num_stages"": [0], ""range_unroll_factors"": [0], ""range_warp_specializes"": [null], ""reduction_loops"": [null]}",ok,7.199999876320362,0.03379654884338379,1
softmax,SO_101,256x1024,heldout,1,heuristics,0,6fa900742bf7cad2,"{""atomic_indexing"": [], ""block_sizes"": [1], ""indexing"": [""pointer"", ""tensor_descriptor"", ""pointer"", ""pointer"", ""pointer"", ""pointer""], ""load_eviction_policies"": ["""", ""first"", """", ""last""], ""num_stages"": 2, ""num_warps"": 2, ""pid_type"": ""flat"", ""range_flattens"": [null], ""range_multi_buffers"": [null], ""range_num_stages"": [0], ""range_unroll_factors"": [0], ""range_warp_specializes"": [null], ""reduction_loops"": [null]}",ok,7.199999876320362,0.025103092193603516,1
softmax,SO_101,256x1024,heldout,1,heuristics,0,4c8d5c71e5731ce4,"{""atomic_indexing"": [], ""block_sizes"": [1], ""indexing"": [""pointer"", ""tensor_descriptor"", ""tensor_descriptor"", ""pointer"", ""tensor_descriptor"", ""tensor_descriptor""], ""load_eviction_policies"": [""last"", ""first"", ""last"", """"], ""num_stages"": 4, ""num_warps"": 2, ""pid_type"": ""flat"", ""range_flattens"": [null], ""range_multi_buffers"": [null], ""range_num_stages"": [0], ""range_unroll_factors"": [0], ""range_warp_specializes"": [null], ""reduction_loops"": [null]}",ok,7.199999876320362,0.022410869598388672,1
softmax,SO_101,256x1024,heldout,1,heuristics,0,8f9244c76278f5d3,"{""atomic_indexing"": [], ""block_sizes"": [1], ""indexing"": [""pointer"", ""pointer"", ""pointer"", ""pointer"", ""pointer"", ""pointer""], ""load_eviction_policies"": ["""", """", """", """"], ""num_stages"": 1, ""num_warps"": 4, ""pid_type"": ""flat"", ""range_flattens"": [null], ""range_multi_buffers"": [null], ""range_num_stages"": [0], ""range_unroll_factors"": [0], ""range_warp_specializes"": [null], ""reduction_loops"": [null]}",ok,7.199999876320362,0.02241039276123047,1
softmax,SO_101,256x1024,heldout,1,heuristics,0,6d9e39170044cf11,"{""atomic_indexing"": [], ""block_sizes"": [8], ""indexing"": [""pointer"", ""pointer"", ""pointer"", ""pointer"", ""pointer"", ""pointer""], ""load_eviction_policies"": ["""", """", """", """"], ""num_stages"": 1, ""num_warps"": 4, ""pid_type"": ""flat"", ""range_flattens"": [null], ""range_multi_buffers"": [null], ""range_num_stages"": [0], ""range_unroll_factors"": [0], ""range_warp_specializes"": [null], ""reduction_loops"": [null]}",ok,7.23200011998415,0.05030465126037598,0
softmax,SO_101,256x1024,heldout,1,heuristics,0,a1a2a48616d6c8b8,"{""atomic_indexing"": [], ""block_sizes"": [16], ""indexing"": [""pointer"", ""pointer"", ""pointer"", ""pointer"", ""pointer"", ""pointer""], ""load_eviction_policies"": ["""", """", """", """"], ""num_stages"": 2, ""num_warps"": 8, ""pid_type"": ""flat"", ""range_flattens"": [null], ""range_multi_buffers"": [null], ""range_num_stages"": [0], ""range_unroll_factors"": [0], ""range_warp_specializes"": [null], ""reduction_loops"": [null]}",ok,9.247999638319016,0.04281020164489746,0
softmax,SO_101,256x1024,heldout,1,heuristics,0,2eb5b841ab0c2142,"{""atomic_indexing"": [], ""block_sizes"": [32], ""indexing"": [""pointer"", ""pointer"", ""pointer"", ""pointer"", ""pointer"", ""pointer""], ""load_eviction_policies"": ["""", """", """", """"], ""num_stages"": 3, ""num_warps"": 8, ""pid_type"": ""flat"", ""range_flattens"": [null], ""range_multi_buffers"": [null], ""range_num_stages"": [0], ""range_unroll_factors"": [0], ""range_warp_specializes"": [null], ""reduction_loops"": [null]}",ok,11.296000331640244,0.03558158874511719,0
softmax,SO_101,256x1024,heldout,1,heuristics,0,5795b7ab83aaef48,"{""atomic_indexing"": [], ""block_sizes"": [4], ""indexing"": [""tensor_descriptor"", ""tensor_descriptor"", ""tensor_descriptor"", ""tensor_descriptor"", ""tensor_descriptor"", ""tensor_descriptor""], ""load_eviction_policies"": ["""", """", """", """"], ""num_stages"": 1, ""num_warps"": 4, ""pid_type"": ""flat"", ""range_flattens"": [null], ""range_multi_buffers"": [null], ""range_num_stages"": [0], ""range_unroll_factors"": [0], ""range_warp_specializes"": [null], ""reduction_loops"": [null]}",ok,7.199999876320362,0.028693675994873047,0
softmax,SO_101,256x1024,heldout,1,heuristics,0,0ad6cc3aacc0325d,"{""atomic_indexing"": [], ""block_sizes"": [16], ""indexing"": [""pointer"", ""pointer"", ""pointer"", ""pointer"", ""pointer"", ""pointer""], ""load_eviction_policies"": ["""", """", """", """"], ""num_sm_multiplier"": 1, ""num_stages"": 2, ""num_warps"": 8, ""pid_type"": ""persistent_interleaved"", ""range_flattens"": [null], ""range_multi_buffers"": [null], ""range_num_stages"": [0], ""range_unroll_factors"": [0], ""range_warp_specializes"": [null], ""reduction_loops"": [null]}",ok,9.247999638319016,0.34921717643737793,0
softmax,SO_101,256x1024,heldout,2,heuristics,0,b48181f977e3a773,"{""atomic_indexing"": [], ""block_sizes"": [16], ""indexing"": [""tensor_descriptor"", ""tensor_descriptor"", ""pointer"", ""tensor_descriptor"", ""tensor_descriptor"", ""tensor_descriptor""], ""load_eviction_policies"": [""last"", ""first"", """", ""last""], ""num_stages"": 3, ""num_warps"": 16, ""pid_type"": ""flat"", ""range_flattens"": [null], ""range_multi_buffers"": [null], ""range_num_stages"": [0], ""range_unroll_factors"": [0], ""range_warp_specializes"": [null], ""reduction_loops"": [null]}",ok,11.296000331640244,0.27963924407958984,1
softmax,SO_101,256x1024,heldout,2,heuristics,0,2eaa47515491baec,"{""atomic_indexing"": [], ""block_sizes"": [4], ""indexing"": [""pointer"", ""tensor_descriptor"", ""tensor_descriptor"", ""tensor_descriptor"", ""pointer"", ""tensor_descriptor""], ""load_eviction_policies"": ["""", """", """", ""last""], ""num_stages"": 7, ""num_warps"": 4, ""pid_type"": ""flat"", ""range_flattens"": [null], ""range_multi_buffers"": [null], ""range_num_stages"": [0], ""range_unroll_factors"": [0], ""range_warp_specializes"": [null], ""reduction_loops"": [null]}",ok,7.199999876320362,0.26970601081848145,1
softmax,SO_101,256x1024,heldout,2,heuristics,0,f5217d8ba28efb96,"{""atomic_indexing"": [], ""block_sizes"": [16], ""indexing"": [""pointer"", ""pointer"", ""pointer"", ""tensor_descriptor"", ""pointer"", ""pointer""], ""load_eviction_policies"": [""first"", """", ""last"", ""last""], ""num_stages"": 4, ""num_warps"": 16, ""pid_type"": ""flat"", ""range_flattens"": [null], ""range_multi_buffers"": [null], ""range_num_stages"": [0], ""range_unroll_factors"": [0], ""range_warp_specializes"": [null], ""reduction_loops"": [null]}",ok,9.247999638319016,0.26032471656799316,1
softmax,SO_101,256x1024,heldout,2,heuristics,0,2762deffa84c958d,"{""atomic_indexing"": [], ""block_sizes"": [16], ""indexing"": [""tensor_descriptor"", ""pointer"", ""pointer"", ""pointer"", ""pointer"", ""tensor_descriptor""], ""load_eviction_policies"": ["""", ""first"", ""last"", """"], ""num_stages"": 1, ""num_warps"": 16, ""pid_type"": ""flat"", ""range_flattens"": [null], ""range_multi_buffers"": [null], ""range_num_stages"": [0], ""range_unroll_factors"": [0], ""range_warp_specializes"": [null], ""reduction_loops"": [null]}",ok,9.312000125646591,0.2515895366668701,1
softmax,SO_101,256x1024,heldout,2,heuristics,0,9075cf58f9bd030f,"{""atomic_indexing"": [], ""block_sizes"": [2], ""indexing"": [""tensor_descriptor"", ""pointer"", ""pointer"", ""tensor_descriptor"", ""pointer"", ""pointer""], ""load_eviction_policies"": [""first"", ""first"", """", """"], ""num_stages"": 5, ""num_warps"": 4, ""pid_type"": ""flat"", ""range_flattens"": [null], ""range_multi_buffers"": [null], ""range_num_stages"": [0], ""range_unroll_factors"": [0], ""range_warp_specializes"": [null], ""reduction_loops"": [null]}",ok,7.199999876320362,0.24245071411132812,1
softmax,SO_101,256x1024,heldout,2,heuristics,0,737389bd6928bf84,"{""atomic_indexing"": [], ""block_sizes"": [2], ""indexing"": [""pointer"", ""tensor_descriptor"", ""pointer"", ""pointer"", ""pointer"", ""tensor_descriptor""], ""load_eviction_policies"": [""last"", """", ""first"", ""last""], ""num_stages"": 4, ""num_warps"": 4, ""pid_type"": ""flat"", ""range_flattens"": [null], ""range_multi_buffers"": [null], ""range_num_stages"": [0], ""range_unroll_factors"": [0], ""range_warp_specializes"": [null], ""reduction_loops"": [null]}",ok,7.199999876320362,0.22319388389587402,1
softmax,SO_101,256x1024,heldout,2,heuristics,0,37354fe485337843,"{""atomic_indexing"": [], ""block_sizes"": [2], ""indexing"": [""pointer"", ""tensor_descriptor"", ""pointer"", ""pointer"", ""pointer"", ""pointer""], ""load_eviction_policies"": [""last"", ""last"", ""first"", ""first""], ""num_stages"": 7, ""num_warps"": 4, ""pid_type"": ""flat"", ""range_flattens"": [null], ""range_multi_buffers"": [null], ""range_num_stages"": [0], ""range_unroll_factors"": [0], ""range_warp_specializes"": [null], ""reduction_loops"": [null]}",ok,7.199999876320362,0.2134993076324463,1
softmax,SO_101,256x1024,heldout,2,heuristics,0,5776fd0ad909b2f2,"{""atomic_indexing"": [], ""block_sizes"": [2], ""indexing"": [""tensor_descriptor"", ""tensor_descriptor"", ""tensor_descriptor"", ""pointer"", ""pointer"", ""pointer""], ""load_eviction_policies"": ["""", ""first"", """", ""last""], ""num_stages"": 4, ""num_warps"": 4, ""pid_type"": ""flat"", ""range_flattens"": [null], ""range_multi_buffers"": [null], ""range_num_stages"": [0], ""range_unroll_factors"": [0], ""range_warp_specializes"": [null], ""reduction_loops"": [null]}",ok,7.199999876320362,0.2057342529296875,1
softmax,SO_101,256x1024,heldout,2,heuristics,0,4fbe96db09effbd2,"{""atomic_indexing"": [], ""block_sizes"": [2], ""indexing"": [""pointer"", ""pointer"", ""tensor_descriptor"", ""tensor_descriptor"", ""pointer"", ""pointer""], ""load_eviction_policies"": ["""", ""last"", ""last"", """"], ""num_stages"": 3, ""num_warps"": 4, ""pid_type"": ""flat"", ""range_flattens"": [null], ""range_multi_buffers"": [null], ""range_num_stages"": [0], ""range_unroll_factors"": [0], ""range_warp_specializes"": [null], ""reduction_loops"": [null]}",ok,7.199999876320362,0.19756841659545898,1
softmax,SO_101,256x1024,heldout,2,heuristics,0,95e222b5e08b45db,"{""atomic_indexing"": [], ""block_sizes"": [1], ""indexing"": [""pointer"", ""pointer"", ""pointer"", ""pointer"", ""pointer"", ""tensor_descriptor""], ""load_eviction_policies"": ["""", ""last"", """", ""first""], ""num_stages"": 3, ""num_warps"": 4, ""pid_type"": ""flat"", ""range_flattens"": [null], ""range_multi_buffers"": [null], ""range_num_stages"": [0], ""range_unroll_factors"": [0], ""range_warp_specializes"": [null], ""reduction_loops"": [null]}",ok,7.199999876320362,0.18982958793640137,1
softmax,SO_101,256x1024,heldout,2,heuristics,0,e7669f72e60d9a55,"{""atomic_indexing"": [], ""block_sizes"": [1], ""indexing"": [""tensor_descriptor"", ""pointer"", ""pointer"", ""pointer"", ""tensor_descriptor"", ""pointer""], ""load_eviction_policies"": ["""", ""first"", """", ""last""], ""num_stages"": 2, ""num_warps"": 4, ""pid_type"": ""flat"", ""range_flattens"": [null], ""range_multi_buffers"": [null], ""range_num_stages"": [0], ""range_unroll_factors"": [0], ""range_warp_specializes"": [null], ""reduction_loops"": [null]}",ok,7.199999876320362,0.18270182609558105,1
softmax,SO_101,256x1024,heldout,2,heuristics,0,e808571f5d538fbe,"{""atomic_indexing"": [], ""block_sizes"": [1], ""indexing"": [""tensor_descriptor"", ""tensor_descriptor"", ""tensor_descriptor"", ""pointer"", ""pointer"", ""pointer""], ""load_eviction_policies"": ["""", ""last"", ""last"", """"], ""num_stages"": 3, ""num_warps"": 4, ""pid_type"": ""flat"", ""range_flattens"": [null], ""range_multi_buffers"": [null], ""range_num_stages"": [0], ""range_unroll_factors"": [0], ""range_warp_specializes"": [null], ""reduction_loops"": [null]}",ok,7.199999876320362,0.17479228973388672,1
softmax,SO_101,256x1024,heldout,2,heuristics,0,085bea581ac19295,"{""atomic_indexing"": [], ""block_sizes"": [1], ""indexing"": [""pointer"", ""pointer"", ""tensor_descriptor"", ""pointer"", ""pointer"", ""tensor_descriptor""], ""load_eviction_policies"": [""first"", """", """", """"], ""num_stages"": 4, ""num_warps"": 2, ""pid_type"": ""flat"", ""range_flattens"": [null], ""range_multi_buffers"": [null], ""range_num_stages"": [0], ""range_unroll_factors"": [0], ""range_warp_specializes"": [null], ""reduction_loops"": [null]}",ok,7.199999876320362,0.16522216796875,1
softmax,SO_101,256x1024,heldout,2,heuristics,0,1267f42f328081fb,"{""atomic_indexing"": [], ""block_sizes"": [1], ""indexing"": [""pointer"", ""tensor_descriptor"", ""pointer"", ""pointer"", ""tensor_descriptor"", ""pointer""], ""load_eviction_policies"": [""last"", ""last"", """", ""last""], ""num_stages"": 1, ""num_warps"": 2, ""pid_type"": ""flat"", ""range_flattens"": [null], ""range_multi_buffers"": [null], ""range_num_stages"": [0], ""range_unroll_factors"": [0], ""range_warp_specializes"": [null], ""reduction_loops"": [null]}",ok,7.199999876320362,0.14638805389404297,1
softmax,SO_101,256x1024,heldout,2,heuristics,0,08179a1f017a849e,"{""atomic_indexing"": [], ""block_sizes"": [1], ""indexing"": [""pointer"", ""tensor_descriptor"", ""pointer"", ""tensor_descriptor"", ""pointer"", ""pointer""], ""load_eviction_policies"": ["""", ""first"", """", """"], ""num_stages"": 1, ""num_warps"": 2, ""pid_type"": ""flat"", ""range_flattens"": [null], ""range_multi_buffers"": [null], ""range_num_stages"": [0], ""range_unroll_factors"": [0], ""range_warp_specializes"": [null], ""reduction_loops"": [null]}",ok,7.199999876320362,0.1381211280822754,1
softmax,SO_101,256x1024,heldout,2,heuristics,0,4db99bd1b1fd307f,"{""atomic_indexing"": [], ""block_sizes"": [1], ""indexing"": [""tensor_descriptor"", ""pointer"", ""pointer"", ""pointer"", ""tensor_descriptor"", ""pointer""], ""load_eviction_policies"": [""first"", """", ""last"", ""last""], ""num_stages"": 1, ""num_warps"": 4, ""pid_type"": ""flat"", ""range_flattens"": [null], ""range_multi_buffers"": [null], ""range_num_stages"": [0], ""range_unroll_factors"": [0], ""range_warp_specializes"": [null], ""reduction_loops"": [null]}",ok,7.199999876320362,0.1300358772277832,1
softmax,SO_101,256x1024,heldout,2,heuristics,0,e9936258141334eb,"{""atomic_indexing"": [], ""block_sizes"": [1], ""indexing"": [""tensor_descriptor"", ""pointer"", ""pointer"", ""pointer"", ""pointer"", ""tensor_descriptor""], ""load_eviction_policies"": [""first"", ""first"", ""last"", ""last""], ""num_stages"": 4, ""num_warps"": 2, ""pid_type"": ""flat"", ""range_flattens"": [null], ""range_multi_buffers"": [null], ""range_num_stages"": [0], ""range_unroll_factors"": [0], ""range_warp_specializes"": [null], ""reduction_loops"": [null]}",ok,7.199999876320362,0.12232327461242676,1
softmax,SO_101,256x1024,heldout,2,heuristics,0,434f8e224d142a8b,"{""atomic_indexing"": [], ""block_sizes"": [1], ""indexing"": [""tensor_descriptor"", ""tensor_descriptor"", ""tensor_descriptor"", ""tensor_descriptor"", ""tensor_descriptor"", ""pointer""], ""load_eviction_policies"": ["""", ""first"", """", """"], ""num_stages"": 3, ""num_warps"": 4, ""pid_type"": ""flat"", ""range_flattens"": [null], ""range_multi_buffers"": [null], ""range_num_stages"": [0], ""range_unroll_factors"": [0], ""range_warp_specializes"": [null], ""reduction_loops"": [null]}",ok,7.199999876320362,0.11435246467590332,1
softmax,SO_101,256x1024,heldout,2,heuristics,0,68752d78a5f2f718,"{""atomic_indexing"": [], ""block_sizes"": [1], ""indexing"": [""pointer"", ""tensor_descriptor"", ""tensor_descriptor"", ""tensor_descriptor"", ""pointer"", ""tensor_descriptor""], ""load_eviction_policies"": ["""", """", ""last"", """"], ""num_stages"": 5, ""num_warps"": 4, ""pid_type"": ""flat"", ""range_flattens"": [null], ""range_multi_buffers"": [null], ""range_num_stages"": [0], ""range_unroll_factors"": [0], ""range_warp_specializes"": [null], ""reduction_loops"": [null]}",ok,7.199999876320362,0.10701131820678711,1
softmax,SO_101,256x1024,heldout,2,heuristics,0,4856eb1714f29c07,"{""atomic_indexing"": [], ""block_sizes"": [1], ""indexing"": [""pointer"", ""pointer"", ""tensor_descriptor"", ""pointer"", ""pointer"", ""pointer""], ""load_eviction_policies"": ["""", ""first"", ""last"", """"], ""num_stages"": 4, ""num_warps"": 4, ""pid_type"": ""flat"", ""range_flattens"": [null], ""range_multi_buffers"": [null], ""range_num_stages"": [0], ""range_unroll_factors"": [0], ""range_warp_specializes"": [null], ""reduction_loops"": [null]}",ok,7.199999876320362,0.09891939163208008,1
softmax,SO_101,256x1024,heldout,2,heuristics,0,fc018cf22ed54212,"{""atomic_indexing"": [], ""block_sizes"": [1], ""indexing"": [""pointer"", ""pointer"", ""tensor_descriptor"", ""pointer"", ""tensor_descriptor"", ""pointer""], ""load_eviction_policies"": [""first"", """", ""last"", ""last""], ""num_stages"": 5, ""num_warps"": 4, ""pid_type"": ""flat"", ""range_flattens"": [null], ""range_multi_buffers"": [null], ""range_num_stages"": [0], ""range_unroll_factors"": [0], ""range_warp_specializes"": [null], ""reduction_loops"": [null]}",ok,7.199999876320362,0.09164595603942871,1
softmax,SO_101,256x1024,heldout,2,heuristics,0,c74b29bb5044d66d,"{""atomic_indexing"": [], ""block_sizes"": [1], ""indexing"": [""tensor_descriptor"", ""tensor_descriptor"", ""tensor_descriptor"", ""pointer"", ""pointer"", ""pointer""], ""load_eviction_policies"": ["""", ""first"", ""first"", ""first""], ""num_stages"": 8, ""num_warps"": 1, ""pid_type"": ""flat"", ""range_flattens"": [null], ""range_multi_buffers"": [null], ""range_num_stages"": [0], ""range_unroll_factors"": [0], ""range_warp_specializes"": [null], ""reduction_loops"": [null]}",ok,7.199999876320362,0.08370304107666016,1
softmax,SO_101,256x1024,heldout,2,heuristics,0,4708becdd7c177b9,"{""atomic_indexing"": [], ""block_sizes"": [1], ""indexing"": [""tensor_descriptor"", ""pointer"", ""pointer"", ""pointer"", ""tensor_descriptor"", ""pointer""], ""load_eviction_policies"": ["""", ""last"", ""first"", """"], ""num_stages"": 4, ""num_warps"": 1, ""pid_type"": ""flat"", ""range_flattens"": [null], ""range_multi_buffers"": [null], ""range_num_stages"": [0], ""range_unroll_factors"": [0], ""range_warp_specializes"": [null], ""reduction_loops"": [null]}",ok,7.199999876320362,0.0758519172668457,1
softmax,SO_101,256x1024,heldout,2,heuristics,0,99c5aebdeea9e7c6,"{""atomic_indexing"": [], ""block_sizes"": [1], ""indexing"": [""pointer"", ""pointer"", ""tensor_descriptor"", ""pointer"", ""pointer"", ""tensor_descriptor""], ""load_eviction_policies"": ["""", ""first"", ""last"", ""first""], ""num_stages"": 6, ""num_warps"": 1, ""pid_type"": ""flat"", ""range_flattens"": [null], ""range_multi_buffers"": [null], ""range_num_stages"": [0], ""range_unroll_factors"": [0], ""range_warp_specializes"": [null], ""reduction_loops"": [null]}",ok,7.199999876320362,0.06835460662841797,1
softmax,SO_101,256x1024,heldout,2,heuristics,0,5fda1aeabce14faf,"{""atomic_indexing"": [], ""block_sizes"": [1], ""indexing"": [""tensor_descriptor"", ""pointer"", ""pointer"", ""pointer"", ""pointer"", ""tensor_descriptor""], ""load_eviction_policies"": [""first"", ""first"", ""first"", """"], ""num_stages"": 5, ""num_warps"": 1, ""pid_type"": ""flat"", ""range_flattens"": [null], ""range_multi_buffers"": [null], ""range_num_stages"": [0], ""range_unroll_factors"": [0], ""range_warp_specializes"": [null], ""reduction_loops"": [null]}",ok,7.199999876320362,0.06050825119018555,1
softmax,SO_101,256x1024,heldout,2,heuristics,0,ecba085562a0f716,"{""atomic_indexing"": [], ""block_sizes"": [1], ""indexing"": [""pointer"", ""pointer"", ""tensor_descriptor"", ""pointer"", ""tensor_descriptor"", ""tensor_descriptor""], ""load_eviction_policies"": ["""", ""last"", ""first"", """"], ""num_stages"": 5, ""num_warps"": 4, ""pid_type"": ""flat"", ""range_flattens"": [null], ""range_multi_buffers"": [null], ""range_num_stages"": [0], ""range_unroll_factors"": [0], ""range_warp_specializes"": [null], ""reduction_loops"": [null]}",ok,7.199999876320362,0.05119442939758301,1
softmax,SO_101,256x1024,heldout,2,heuristics,0,73ee7ebfcd167c3e,"{""atomic_indexing"": [], ""block_sizes"": [1], ""indexing"": [""pointer"", ""pointer"", ""tensor_descriptor"", ""tensor_descriptor"", ""tensor_descriptor"", ""tensor_descriptor""], ""load_eviction_policies"": [""last"", """", """", ""first""], ""num_stages"": 1, ""num_warps"": 4, ""pid_type"": ""flat"", ""range_flattens"": [null], ""range_multi_buffers"": [null], ""range_num_stages"": [0], ""range_unroll_factors"": [0], ""range_warp_specializes"": [null], ""reduction_loops"": [null]}",ok,7.199999876320362,0.03206825256347656,1
softmax,SO_101,256x1024,heldout,2,heuristics,0,6fa900742bf7cad2,"{""atomic_indexing"": [], ""block_sizes"": [1], ""indexing"": [""pointer"", ""tensor_descriptor"", ""pointer"", ""pointer"", ""pointer"", ""pointer""], ""load_eviction_policies"": ["""", ""first"", """", ""last""], ""num_stages"": 2, ""num_warps"": 2, ""pid_type"": ""flat"", ""range_flattens"": [null], ""range_multi_buffers"": [null], ""range_num_stages"": [0], ""range_unroll_factors"": [0], ""range_warp_specializes"": [null], ""reduction_loops"": [null]}",ok,7.199999876320362,0.0241243839263916,1
softmax,SO_101,256x1024,heldout,2,heuristics,0,4c8d5c71e5731ce4,"{""atomic_indexing"": [], ""block_sizes"": [1], ""indexing"": [""pointer"", ""tensor_descriptor"", ""tensor_descriptor"", ""pointer"", ""tensor_descriptor"", ""tensor_descriptor""], ""load_eviction_policies"": [""last"", ""first"", ""last"", """"], ""num_stages"": 4, ""num_warps"": 2, ""pid_type"": ""flat"", ""range_flattens"": [null], ""range_multi_buffers"": [null], ""range_num_stages"": [0], ""range_unroll_factors"": [0], ""range_warp_specializes"": [null], ""reduction_loops"": [null]}",ok,7.199999876320362,0.02176666259765625,1
softmax,SO_101,256x1024,heldout,2,heuristics,0,8f9244c76278f5d3,"{""atomic_indexing"": [], ""block_sizes"": [1], ""indexing"": [""pointer"", ""pointer"", ""pointer"", ""pointer"", ""pointer"", ""pointer""], ""load_eviction_policies"": ["""", """", """", """"], ""num_stages"": 1, ""num_warps"": 4, ""pid_type"": ""flat"", ""range_flattens"": [null], ""range_multi_buffers"": [null], ""range_num_stages"": [0], ""range_unroll_factors"": [0], ""range_warp_specializes"": [null], ""reduction_loops"": [null]}",ok,7.199999876320362,0.03336763381958008,1
softmax,SO_101,256x1024,heldout,2,heuristics,0,6d9e39170044cf11,"{""atomic_indexing"": [], ""block_sizes"": [8], ""indexing"": [""pointer"", ""pointer"", ""pointer"", ""pointer"", ""pointer"", ""pointer""], ""load_eviction_policies"": ["""", """", """", """"], ""num_stages"": 1, ""num_warps"": 4, ""pid_type"": ""flat"", ""range_flattens"": [null], ""range_multi_buffers"": [null], ""range_num_stages"": [0], ""range_unroll_factors"": [0], ""range_warp_specializes"": [null], ""reduction_loops"": [null]}",ok,7.2480000089854,0.05930018424987793,0
softmax,SO_101,256x1024,heldout,2,heuristics,0,a1a2a48616d6c8b8,"{""atomic_indexing"": [], ""block_sizes"": [16], ""indexing"": [""pointer"", ""pointer"", ""pointer"", ""pointer"", ""pointer"", ""pointer""], ""load_eviction_policies"": ["""", """", """", """"], ""num_stages"": 2, ""num_warps"": 8, ""pid_type"": ""flat"", ""range_flattens"": [null], ""range_multi_buffers"": [null], ""range_num_stages"": [0], ""range_unroll_factors"": [0], ""range_warp_specializes"": [null], ""reduction_loops"": [null]}",ok,9.247999638319016,0.04099631309509277,0
softmax,SO_101,256x1024,heldout,2,heuristics,0,99f1fe04f31b0dd1,"{""atomic_indexing"": [], ""block_sizes"": [32], ""indexing"": [""pointer"", ""pointer"", ""pointer"", ""pointer"", ""pointer"", ""pointer""], ""load_eviction_policies"": ["""", """", """", """"], ""num_sm_multiplier"": 1, ""num_stages"": 3, ""num_warps"": 8, ""pid_type"": ""persistent_blocked"", ""range_flattens"": [null], ""range_multi_buffers"": [null], ""range_num_stages"": [0], ""range_unroll_factors"": [0], ""range_warp_specializes"": [null], ""reduction_loops"": [null]}",ok,11.296000331640244,0.025646209716796875,0
softmax,SO_101,256x1024,heldout,2,heuristics,0,5795b7ab83aaef48,"{""atomic_indexing"": [], ""block_sizes"": [4], ""indexing"": [""tensor_descriptor"", ""tensor_descriptor"", ""tensor_descriptor"", ""tensor_descriptor"", ""tensor_descriptor"", ""tensor_descriptor""], ""load_eviction_policies"": ["""", """", """", """"], ""num_stages"": 1, ""num_warps"": 4, ""pid_type"": ""flat"", ""range_flattens"": [null], ""range_multi_buffers"": [null], ""range_num_stages"": [0], ""range_unroll_factors"": [0], ""range_warp_specializes"": [null], ""reduction_loops"": [null]}",ok,7.199999876320362,0.02447795867919922,0
softmax,SO_101,256x1024,heldout,2,heuristics,0,92bcc548765eab6a,"{""atomic_indexing"": [], ""block_sizes"": [64], ""indexing"": [""pointer"", ""pointer"", ""pointer"", ""pointer"", ""pointer"", ""pointer""], ""load_eviction_policies"": ["""", """", """", """"], ""num_sm_multiplier"": 1, ""num_stages"": 2, ""num_warps"": 16, ""pid_type"": ""persistent_interleaved"", ""range_flattens"": [null], ""range_multi_buffers"": [null], ""range_num_stages"": [0], ""range_unroll_factors"": [0], ""range_warp_specializes"": [null], ""reduction_loops"": [null]}",ok,17.472000792622566,0.03632473945617676,0
softmax,SO_102,1024x4096,heldout,0,heuristics,0,b48181f977e3a773,"{""atomic_indexing"": [], ""block_sizes"": [16], ""indexing"": [""tensor_descriptor"", ""tensor_descriptor"", ""pointer"", ""tensor_descriptor"", ""tensor_descriptor"", ""tensor_descriptor""], ""load_eviction_policies"": [""last"", ""first"", """", ""last""], ""num_stages"": 3, ""num_warps"": 16, ""pid_type"": ""flat"", ""range_flattens"": [null], ""range_multi_buffers"": [null], ""range_num_stages"": [0], ""range_unroll_factors"": [0], ""range_warp_specializes"": [null], ""reduction_loops"": [null]}",ok,23.552000522613525,0.6709487438201904,1
softmax,SO_102,1024x4096,heldout,0,heuristics,0,2eaa47515491baec,"{""atomic_indexing"": [], ""block_sizes"": [4], ""indexing"": [""pointer"", ""tensor_descriptor"", ""tensor_descriptor"", ""tensor_descriptor"", ""pointer"", ""tensor_descriptor""], ""load_eviction_policies"": ["""", """", """", ""last""], ""num_stages"": 7, ""num_warps"": 4, ""pid_type"": ""flat"", ""range_flattens"": [null], ""range_multi_buffers"": [null], ""range_num_stages"": [0], ""range_unroll_factors"": [0], ""range_warp_specializes"": [null], ""reduction_loops"": [null]}",ok,13.311999849975109,0.37626099586486816,1
softmax,SO_102,1024x4096,heldout,0,heuristics,0,f5217d8ba28efb96,"{""atomic_indexing"": [], ""block_sizes"": [16], ""indexing"": [""pointer"", ""pointer"", ""pointer"", ""tensor_descriptor"", ""pointer"", ""pointer""], ""load_eviction_policies"": [""first"", """", ""last"", ""last""], ""num_stages"": 4, ""num_warps"": 16, ""pid_type"": ""flat"", ""range_flattens"": [null], ""range_multi_buffers"": [null], ""range_num_stages"": [0], ""range_unroll_factors"": [0], ""range_warp_specializes"": [null], ""reduction_loops"": [null]}",ok,19.487999379634857,0.3607151508331299,1
softmax,SO_102,1024x4096,heldout,0,heuristics,0,2762deffa84c958d,"{""atomic_indexing"": [], ""block_sizes"": [16], ""indexing"": [""tensor_descriptor"", ""pointer"", ""pointer"", ""pointer"", ""pointer"", ""tensor_descriptor""], ""load_eviction_policies"": ["""", ""first"", ""last"", """"], ""num_stages"": 1, ""num_warps"": 16, ""pid_type"": ""flat"", ""range_flattens"": [null], ""range_multi_buffers"": [null], ""range_num_stages"": [0], ""range_unroll_factors"": [0], ""range_warp_specializes"": [null], ""reduction_loops"": [null]}",ok,19.45599913597107,0.35266637802124023,1
softmax,SO_102,1024x4096,heldout,0,heuristics,0,9075cf58f9bd030f,"{""atomic_indexing"": [], ""block_sizes"": [2], ""indexing"": [""tensor_descriptor"", ""pointer"", ""pointer"", ""tensor_descriptor"", ""pointer"", ""pointer""], ""load_eviction_policies"": [""first"", ""first"", """", """"], ""num_stages"": 5, ""num_warps"": 4, ""pid_type"": ""flat"", ""range_flattens"": [null], ""range_multi_buffers"": [null], ""range_num_stages"": [0], ""range_unroll_factors"": [0], ""range_warp_specializes"": [null], ""reduction_loops"": [null]}",ok,11.296000331640244,0.3446464538574219,1
softmax,SO_102,1024x4096,heldout,0,heuristics,0,737389bd6928bf84,"{""atomic_indexing"": [], ""block_sizes"": [2], ""indexing"": [""pointer"", ""tensor_descriptor"", ""pointer"", ""pointer"", ""pointer"", ""tensor_descriptor""], ""load_eviction_policies"": [""last"", """", ""first"", ""last""], ""num_stages"": 4, ""num_warps"": 4, ""pid_type"": ""flat"", ""range_flattens"": [null], ""range_multi_buffers"": [null], ""range_num_stages"": [0], ""range_unroll_factors"": [0], ""range_warp_specializes"": [null], ""reduction_loops"": [null]}",ok,11.296000331640244,0.33521318435668945,1
softmax,SO_102,1024x4096,heldout,0,heuristics,0,37354fe485337843,"{""atomic_indexing"": [], ""block_sizes"": [2], ""indexing"": [""pointer"", ""tensor_descriptor"", ""pointer"", ""pointer"", ""pointer"", ""pointer""], ""load_eviction_policies"": [""last"", ""last"", ""first"", ""first""], ""num_stages"": 7, ""num_warps"": 4, ""pid_type"": ""flat"", ""range_flattens"": [null], ""range_multi_buffers"": [null], ""range_num_stages"": [0], ""range_unroll_factors"": [0], ""range_warp_specializes"": [null], ""reduction_loops"": [null]}",ok,11.296000331640244,0.31508946418762207,1
softmax,SO_102,1024x4096,heldout,0,heuristics,0,5776fd0ad909b2f2,"{""atomic_indexing"": [], ""block_sizes"": [2], ""indexing"": [""tensor_descriptor"", ""tensor_descriptor"", ""tensor_descriptor"", ""pointer"", ""pointer"", ""pointer""], ""load_eviction_policies"": ["""", ""first"", """", ""last""], ""num_stages"": 4, ""num_warps"": 4, ""pid_type"": ""flat"", ""range_flattens"": [null], ""range_multi_buffers"": [null], ""range_num_stages"": [0], ""range_unroll_factors"": [0], ""range_warp_specializes"": [null], ""reduction_loops"": [null]}",ok,11.296000331640244,0.306884765625,1
softmax,SO_102,1024x4096,heldout,0,heuristics,0,4fbe96db09effbd2,"{""atomic_indexing"": [], ""block_sizes"": [2], ""indexing"": [""pointer"", ""pointer"", ""tensor_descriptor"", ""tensor_descriptor"", ""pointer"", ""pointer""], ""load_eviction_policies"": ["""", ""last"", ""last"", """"], ""num_stages"": 3, ""num_warps"": 4, ""pid_type"": ""flat"", ""range_flattens"": [null], ""range_multi_buffers"": [null], ""range_num_stages"": [0], ""range_unroll_factors"": [0], ""range_warp_specializes"": [null], ""reduction_loops"": [null]}",ok,11.296000331640244,0.29706645011901855,1
softmax,SO_102,1024x4096,heldout,0,heuristics,0,95e222b5e08b45db,"{""atomic_indexing"": [], ""block_sizes"": [1], ""indexing"": [""pointer"", ""pointer"", ""pointer"", ""pointer"", ""pointer"", ""tensor_descriptor""], ""load_eviction_policies"": ["""", ""last"", """", ""first""], ""num_stages"": 3, ""num_warps"": 4, ""pid_type"": ""flat"", ""range_flattens"": [null], ""range_multi_buffers"": [null], ""range_num_stages"": [0], ""range_unroll_factors"": [0], ""range_warp_specializes"": [null], ""reduction_loops"": [null]}",ok,9.216000325977802,0.28001999855041504,1
softmax,SO_102,1024x4096,heldout,0,heuristics,0,e7669f72e60d9a55,"{""atomic_indexing"": [], ""block_sizes"": [1], ""indexing"": [""tensor_descriptor"", ""pointer"", ""pointer"", ""pointer"", ""tensor_descriptor"", ""pointer""], ""load_eviction_policies"": ["""", ""first"", """", ""last""], ""num_stages"": 2, ""num_warps"": 4, ""pid_type"": ""flat"", ""range_flattens"": [null], ""range_multi_buffers"": [null], ""range_num_stages"": [0], ""range_unroll_factors"": [0], ""range_warp_specializes"": [null], ""reduction_loops"": [null]}",ok,9.216000325977802,0.27059292793273926,1
softmax,SO_102,1024x4096,heldout,0,heuristics,0,e808571f5d538fbe,"{""atomic_indexing"": [], ""block_sizes"": [1], ""indexing"": [""tensor_descriptor"", ""tensor_descriptor"", ""tensor_descriptor"", ""pointer"", ""pointer"", ""pointer""], ""load_eviction_policies"": ["""", ""last"", ""last"", """"], ""num_stages"": 3, ""num_warps"": 4, ""pid_type"": ""flat"", ""range_flattens"": [null], ""range_multi_buffers"": [null], ""range_num_stages"": [0], ""range_unroll_factors"": [0], ""range_warp_specializes"": [null], ""reduction_loops"": [null]}",ok,9.216000325977802,0.2501494884490967,1
softmax,SO_102,1024x4096,heldout,0,heuristics,0,085bea581ac19295,"{""atomic_indexing"": [], ""block_sizes"": [1], ""indexing"": [""pointer"", ""pointer"", ""tensor_descriptor"", ""pointer"", ""pointer"", ""tensor_descriptor""], ""load_eviction_policies"": [""first"", """", """", """"], ""num_stages"": 4, ""num_warps"": 2, ""pid_type"": ""flat"", ""range_flattens"": [null], ""range_multi_buffers"": [null], ""range_num_stages"": [0], ""range_unroll_factors"": [0], ""range_warp_specializes"": [null], ""reduction_loops"": [null]}",ok,9.279999881982803,0.23112750053405762,1
softmax,SO_102,1024x4096,heldout,0,heuristics,0,1267f42f328081fb,"{""atomic_indexing"": [], ""block_sizes"": [1], ""indexing"": [""pointer"", ""tensor_descriptor"", ""pointer"", ""pointer"", ""tensor_descriptor"", ""pointer""], ""load_eviction_policies"": [""last"", ""last"", """", ""last""], ""num_stages"": 1, ""num_warps"": 2, ""pid_type"": ""flat"", ""range_flattens"": [null], ""range_multi_buffers"": [null], ""range_num_stages"": [0], ""range_unroll_factors"": [0], ""range_warp_specializes"": [null], ""reduction_loops"": [null]}",ok,9.279999881982803,0.21209931373596191,1
softmax,SO_102,1024x4096,heldout,0,heuristics,0,08179a1f017a849e,"{""atomic_indexing"": [], ""block_sizes"": [1], ""indexing"": [""pointer"", ""tensor_descriptor"", ""pointer"", ""tensor_descriptor"", ""pointer"", ""pointer""], ""load_eviction_policies"": ["""", ""first"", """", """"], ""num_stages"": 1, ""num_warps"": 2, ""pid_type"": ""flat"", ""range_flattens"": [null], ""range_multi_buffers"": [null], ""range_num_stages"": [0], ""range_unroll_factors"": [0], ""range_warp_specializes"": [null], ""reduction_loops"": [null]}",ok,9.279999881982803,0.20343589782714844,1
softmax,SO_102,1024x4096,heldout,0,heuristics,0,4db99bd1b1fd307f,"{""atomic_indexing"": [], ""block_sizes"": [1], ""indexing"": [""tensor_descriptor"", ""pointer"", ""pointer"", ""pointer"", ""tensor_descriptor"", ""pointer""], ""load_eviction_policies"": [""first"", """", ""last"", ""last""], ""num_stages"": 1, ""num_warps"": 4, ""pid_type"": ""flat"", ""range_flattens"": [null], ""range_multi_buffers"": [null], ""range_num_stages"": [0], ""range_unroll_factors"": [0], ""range_warp_specializes"": [null], ""reduction_loops"": [null]}",ok,9.216000325977802,0.1832432746887207,1
softmax,SO_102,1024x4096,heldout,0,heuristics,0,e9936258141334eb,"{""atomic_indexing"": [], ""block_sizes"": [1], ""indexing"": [""tensor_descriptor"", ""pointer"", ""pointer"", ""pointer"", ""pointer"", ""tensor_descriptor""], ""load_eviction_policies"": [""first"", ""first"", ""last"", ""last""], ""num_stages"": 4, ""num_warps"": 2, ""pid_type"": ""flat"", ""range_flattens"": [null], ""range_multi_buffers"": [null], ""range_num_stages"": [0], ""range_unroll_factors"": [0], ""range_warp_specializes"": [null], ""reduction_loops"": [null]}",ok,9.247999638319016,0.17496609687805176,1
softmax,SO_102,1024x4096,heldout,0,heuristics,0,434f8e224d142a8b,"{""atomic_indexing"": [], ""block_sizes"": [1], ""indexing"": [""tensor_descriptor"", ""tensor_descriptor"", ""tensor_descriptor"", ""tensor_descriptor"", ""tensor_descriptor"", ""pointer""], ""load_eviction_policies"": ["""", ""first"", """", """"], ""num_stages"": 3, ""num_warps"": 4, ""pid_type"": ""flat"", ""range_flattens"": [null], ""range_multi_buffers"": [null], ""range_num_stages"": [0], ""range_unroll_factors"": [0], ""range_warp_specializes"": [null], ""reduction_loops"": [null]}",ok,9.216000325977802,0.16615915298461914,1
softmax,SO_102,1024x4096,heldout,0,heuristics,0,68752d78a5f2f718,"{""atomic_indexing"": [], ""block_sizes"": [1], ""indexing"": [""pointer"", ""tensor_descriptor"", ""tensor_descriptor"", ""tensor_descriptor"", ""pointer"", ""tensor_descriptor""], ""load_eviction_policies"": ["""", """", ""last"", """"], ""num_stages"": 5, ""num_warps"": 4, ""pid_type"": ""flat"", ""range_flattens"": [null], ""range_multi_buffers"": [null], ""range_num_stages"": [0], ""range_unroll_factors"": [0], ""range_warp_specializes"": [null], ""reduction_loops"": [null]}",ok,9.216000325977802,0.15702414512634277,1
softmax,SO_102,1024x4096,heldout,0,heuristics,0,4856eb1714f29c07,"{""atomic_indexing"": [], ""block_sizes"": [1], ""indexing"": [""pointer"", ""pointer"", ""tensor_descriptor"", ""pointer"", ""pointer"", ""pointer""], ""load_eviction_policies"": ["""", ""first"", ""last"", """"], ""num_stages"": 4, ""num_warps"": 4, ""pid_type"": ""flat"", ""range_flattens"": [null], ""range_multi_buffers"": [null], ""range_num_stages"": [0], ""range_unroll_factors"": [0], ""range_warp_specializes"": [null], ""reduction_loops"": [null]}",ok,9.216000325977802,0.13722443580627441,1
softmax,SO_102,1024x4096,heldout,0,heuristics,0,fc018cf22ed54212,"{""atomic_indexing"": [], ""block_sizes"": [1], ""indexing"": [""pointer"", ""pointer"", ""tensor_descriptor"", ""pointer"", ""tensor_descriptor"", ""pointer""], ""load_eviction_policies"": [""first"", """", ""last"", ""last""], ""num_stages"": 5, ""num_warps"": 4, ""pid_type"": ""flat"", ""range_flattens"": [null], ""range_multi_buffers"": [null], ""range_num_stages"": [0], ""range_unroll_factors"": [0], ""range_warp_specializes"": [null], ""reduction_loops"": [null]}",ok,9.247999638319016,0.12875938415527344,1
softmax,SO_102,1024x4096,heldout,0,heuristics,0,c74b29bb5044d66d,"{""atomic_indexing"": [], ""block_sizes"": [1], ""indexing"": [""tensor_descriptor"", ""tensor_descriptor"", ""tensor_descriptor"", ""pointer"", ""pointer"", ""pointer""], ""load_eviction_policies"": ["""", ""first"", ""first"", ""first""], ""num_stages"": 8, ""num_warps"": 1, ""pid_type"": ""flat"", ""range_flattens"": [null], ""range_multi_buffers"": [null], ""range_num_stages"": [0], ""range_unroll_factors"": [0], ""range_warp_specializes"": [null], ""reduction_loops"": [null]}",ok,11.264000087976456,0.1085662841796875,1
softmax,SO_102,1024x4096,heldout,0,heuristics,0,4708becdd7c177b9,"{""atomic_indexing"": [], ""block_sizes"": [1], ""indexing"": [""tensor_descriptor"", ""pointer"", ""pointer"", ""pointer"", ""tensor_descriptor"", ""pointer""], ""load_eviction_policies"": ["""", ""last"", ""first"", """"], ""num_stages"": 4, ""num_warps"": 1, ""pid_type"": ""flat"", ""range_flattens"": [null], ""range_multi_buffers"": [null], ""range_num_stages"": [0], ""range_unroll_factors"": [0], ""range_warp_specializes"": [null], ""reduction_loops"": [null]}",ok,11.264000087976456,0.10072612762451172,1
softmax,SO_102,1024x4096,heldout,0,heuristics,0,99c5aebdeea9e7c6,"{""atomic_indexing"": [], ""block_sizes"": [1], ""indexing"": [""pointer"", ""pointer"", ""tensor_descriptor"", ""pointer"", ""pointer"", ""tensor_descriptor""], ""load_eviction_policies"": ["""", ""first"", ""last"", ""first""], ""num_stages"": 6, ""num_warps"": 1, ""pid_type"": ""flat"", ""range_flattens"": [null], ""range_multi_buffers"": [null], ""range_num_stages"": [0], ""range_unroll_factors"": [0], ""range_warp_specializes"": [null], ""reduction_loops"": [null]}",ok,11.296000331640244,0.09241628646850586,1
softmax,SO_102,1024x4096,heldout,0,heuristics,0,5fda1aeabce14faf,"{""atomic_indexing"": [], ""block_sizes"": [1], ""indexing"": [""tensor_descriptor"", ""pointer"", ""pointer"", ""pointer"", ""pointer"", ""tensor_descriptor""], ""load_eviction_policies"": [""first"", ""first"", ""first"", """"], ""num_stages"": 5, ""num_warps"": 1, ""pid_type"": ""flat"", ""range_flattens"": [null], ""range_multi_buffers"": [null], ""range_num_stages"": [0], ""range_unroll_factors"": [0], ""range_warp_specializes"": [null], ""reduction_loops"": [null]}",ok,11.264000087976456,0.07355237007141113,1
softmax,SO_102,1024x4096,heldout,0,heuristics,0,ecba085562a0f716,"{""atomic_indexing"": [], ""block_sizes"": [1], ""indexing"": [""pointer"", ""pointer"", ""tensor_descriptor"", ""pointer"", ""tensor_descriptor"", ""tensor_descriptor""], ""load_eviction_policies"": ["""", ""last"", ""first"", """"], ""num_stages"": 5, ""num_warps"": 4, ""pid_type"": ""flat"", ""range_flattens"": [null], ""range_multi_buffers"": [null], ""range_num_stages"": [0], ""range_unroll_factors"": [0], ""range_warp_specializes"": [null], ""reduction_loops"": [null]}",ok,9.216000325977802,0.06592774391174316,1
softmax,SO_102,1024x4096,heldout,0,heuristics,0,73ee7ebfcd167c3e,"{""atomic_indexing"": [], ""block_sizes"": [1], ""indexing"": [""pointer"", ""pointer"", ""tensor_descriptor"", ""tensor_descriptor"", ""tensor_descriptor"", ""tensor_descriptor""], ""load_eviction_policies"": [""last"", """", """", ""first""], ""num_stages"": 1, ""num_warps"": 4, ""pid_type"": ""flat"", ""range_flattens"": [null], ""range_multi_buffers"": [null], ""range_num_stages"": [0], ""range_unroll_factors"": [0], ""range_warp_specializes"": [null], ""reduction_loops"": [null]}",ok,9.247999638319016,0.0577244758605957,1
softmax,SO_102,1024x4096,heldout,0,heuristics,0,6fa900742bf7cad2,"{""atomic_indexing"": [], ""block_sizes"": [1], ""indexing"": [""pointer"", ""tensor_descriptor"", ""pointer"", ""pointer"", ""pointer"", ""pointer""], ""load_eviction_policies"": ["""", ""first"", """", ""last""], ""num_stages"": 2, ""num_warps"": 2, ""pid_type"": ""flat"", ""range_flattens"": [null], ""range_multi_buffers"": [null], ""range_num_stages"": [0], ""range_unroll_factors"": [0], ""range_warp_specializes"": [null], ""reduction_loops"": [null]}",ok,9.279999881982803,0.038274526596069336,1
softmax,SO_102,1024x4096,heldout,0,heuristics,0,4c8d5c71e5731ce4,"{""atomic_indexing"": [], ""block_sizes"": [1], ""indexing"": [""pointer"", ""tensor_descriptor"", ""tensor_descriptor"", ""pointer"", ""tensor_descriptor"", ""tensor_descriptor""], ""load_eviction_policies"": [""last"", ""first"", ""last"", """"], ""num_stages"": 4, ""num_warps"": 2, ""pid_type"": ""flat"", ""range_flattens"": [null], ""range_multi_buffers"": [null], ""range_num_stages"": [0], ""range_unroll_factors"": [0], ""range_warp_specializes"": [null], ""reduction_loops"": [null]}",ok,9.279999881982803,0.0484766960144043,1
softmax,SO_102,1024x4096,heldout,0,heuristics,0,8f9244c76278f5d3,"{""atomic_indexing"": [], ""block_sizes"": [1], ""indexing"": [""pointer"", ""pointer"", ""pointer"", ""pointer"", ""pointer"", ""pointer""], ""load_eviction_policies"": ["""", """", """", """"], ""num_stages"": 1, ""num_warps"": 4, ""pid_type"": ""flat"", ""range_flattens"": [null], ""range_multi_buffers"": [null], ""range_num_stages"": [0], ""range_unroll_factors"": [0], ""range_warp_specializes"": [null], ""reduction_loops"": [null]}",ok,9.216000325977802,0.034272193908691406,1
softmax,SO_102,1024x4096,heldout,0,heuristics,0,736883104fb84b05,"{""atomic_indexing"": [], ""block_sizes"": [8], ""indexing"": [""pointer"", ""pointer"", ""pointer"", ""pointer"", ""pointer"", ""pointer""], ""load_eviction_policies"": ["""", """", """", """"], ""num_stages"": 2, ""num_warps"": 8, ""pid_type"": ""flat"", ""range_flattens"": [null], ""range_multi_buffers"": [null], ""range_num_stages"": [0], ""range_unroll_factors"": [0], ""range_warp_specializes"": [null], ""reduction_loops"": [null]}",ok,11.296000331640244,0.07109880447387695,0
softmax,SO_102,1024x4096,heldout,0,heuristics,0,02b40432328bb616,"{""atomic_indexing"": [], ""block_sizes"": [16], ""indexing"": [""pointer"", ""pointer"", ""pointer"", ""pointer"", ""pointer"", ""pointer""], ""load_eviction_policies"": ["""", """", """", """"], ""num_stages"": 3, ""num_warps"": 8, ""pid_type"": ""flat"", ""range_flattens"": [null], ""range_multi_buffers"": [null], ""range_num_stages"": [0], ""range_unroll_factors"": [0], ""range_warp_specializes"": [null], ""reduction_loops"": [null]}",ok,17.40800030529499,0.05283808708190918,0
softmax,SO_102,1024x4096,heldout,0,heuristics,0,a22a4b704ac9c927,"{""atomic_indexing"": [], ""block_sizes"": [4], ""indexing"": [""pointer"", ""pointer"", ""pointer"", ""pointer"", ""pointer"", ""pointer""], ""load_eviction_policies"": ["""", """", """", """"], ""num_sm_multiplier"": 1, ""num_stages"": 2, ""num_warps"": 4, ""pid_type"": ""persistent_blocked"", ""range_flattens"": [null], ""range_multi_buffers"": [null], ""range_num_stages"": [0], ""range_unroll_factors"": [0], ""range_warp_specializes"": [null], ""reduction_loops"": [null]}",ok,13.344000093638897,0.03627347946166992,0
softmax,SO_102,1024x4096,heldout,0,heuristics,0,db08dbbf6ad57f96,"{""atomic_indexing"": [], ""block_sizes"": [32], ""indexing"": [""tensor_descriptor"", ""tensor_descriptor"", ""tensor_descriptor"", ""tensor_descriptor"", ""tensor_descriptor"", ""tensor_descriptor""], ""load_eviction_policies"": ["""", """", """", """"], ""num_stages"": 2, ""num_warps"": 16, ""pid_type"": ""flat"", ""range_flattens"": [null], ""range_multi_buffers"": [null], ""range_num_stages"": [0], ""range_unroll_factors"": [0], ""range_warp_specializes"": [null], ""reduction_loops"": [null]}",error,inf,0.02871227264404297,0
softmax,SO_102,1024x4096,heldout,0,heuristics,0,97489e6e5bb2b9e8,"{""atomic_indexing"": [], ""block_sizes"": [2], ""indexing"": [""pointer"", ""pointer"", ""pointer"", ""pointer"", ""pointer"", ""pointer""], ""load_eviction_policies"": ["""", """", """", """"], ""num_stages"": 1, ""num_warps"": 4, ""pid_type"": ""flat"", ""range_flattens"": [null], ""range_multi_buffers"": [null], ""range_num_stages"": [0], ""range_unroll_factors"": [0], ""range_warp_specializes"": [null], ""reduction_loops"": [null]}",ok,11.296000331640244,0.04837846755981445,0
softmax,SO_102,1024x4096,heldout,1,heuristics,0,b48181f977e3a773,"{""atomic_indexing"": [], ""block_sizes"": [16], ""indexing"": [""tensor_descriptor"", ""tensor_descriptor"", ""pointer"", ""tensor_descriptor"", ""tensor_descriptor"", ""tensor_descriptor""], ""load_eviction_policies"": [""last"", ""first"", """", ""last""], ""num_stages"": 3, ""num_warps"": 16, ""pid_type"": ""flat"", ""range_flattens"": [null], ""range_multi_buffers"": [null], ""range_num_stages"": [0], ""range_unroll_factors"": [0], ""range_warp_specializes"": [null], ""reduction_loops"": [null]}",ok,21.536000072956085,0.45333027839660645,1
softmax,SO_102,1024x4096,heldout,1,heuristics,0,2eaa47515491baec,"{""atomic_indexing"": [], ""block_sizes"": [4], ""indexing"": [""pointer"", ""tensor_descriptor"", ""tensor_descriptor"", ""tensor_descriptor"", ""pointer"", ""tensor_descriptor""], ""load_eviction_policies"": ["""", """", """", ""last""], ""num_stages"": 7, ""num_warps"": 4, ""pid_type"": ""flat"", ""range_flattens"": [null], ""range_multi_buffers"": [null], ""range_num_stages"": [0], ""range_unroll_factors"": [0], ""range_warp_specializes"": [null], ""reduction_loops"": [null]}",ok,11.264000087976456,0.43584322929382324,1
softmax,SO_102,1024x4096,heldout,1,heuristics,0,f5217d8ba28efb96,"{""atomic_indexing"": [], ""block_sizes"": [16], ""indexing"": [""pointer"", ""pointer"", ""pointer"", ""tensor_descriptor"", ""pointer"", ""pointer""], ""load_eviction_policies"": [""first"", """", ""last"", ""last""], ""num_stages"": 4, ""num_warps"": 16, ""pid_type"": ""flat"", ""range_flattens"": [null], ""range_multi_buffers"": [null], ""range_num_stages"": [0], ""range_unroll_factors"": [0], ""range_warp_specializes"": [null], ""reduction_loops"": [null]}",ok,17.40800030529499,0.41931962966918945,1
softmax,SO_102,1024x4096,heldout,1,heuristics,0,2762deffa84c958d,"{""atomic_indexing"": [], ""block_sizes"": [16], ""indexing"": [""tensor_descriptor"", ""pointer"", ""pointer"", ""pointer"", ""pointer"", ""tensor_descriptor""], ""load_eviction_policies"": ["""", ""first"", ""last"", """"], ""num_stages"": 1, ""num_warps"": 16, ""pid_type"": ""flat"", ""range_flattens"": [null], ""range_multi_buffers"": [null], ""range_num_stages"": [0], ""range_unroll_factors"": [0], ""range_warp_specializes"": [null], ""reduction_loops"": [null]}",ok,17.40800030529499,0.41161155700683594,1
softmax,SO_102,1024x4096,heldout,1,heuristics,0,9075cf58f9bd030f,"{""atomic_indexing"": [], ""block_sizes"": [2], ""indexing"": [""tensor_descriptor"", ""pointer"", ""pointer"", ""tensor_descriptor"", ""pointer"", ""pointer""], ""load_eviction_policies"": [""first"", ""first"", """", """"], ""num_stages"": 5, ""num_warps"": 4, ""pid_type"": ""flat"", ""range_flattens"": [null], ""range_multi_buffers"": [null], ""range_num_stages"": [0], ""range_unroll_factors"": [0], ""range_warp_specializes"": [null], ""reduction_loops"": [null]}",ok,11.296000331640244,0.38976383209228516,1
softmax,SO_102,1024x4096,heldout,1,heuristics,0,737389bd6928bf84,"{""atomic_indexing"": [], ""block_sizes"": [2], ""indexing"": [""pointer"", ""tensor_descriptor"", ""pointer"", ""pointer"", ""pointer"", ""tensor_descriptor""], ""load_eviction_policies"": [""last"", """", ""first"", ""last""], ""num_stages"": 4, ""num_warps"": 4, ""pid_type"": ""flat"", ""range_flattens"": [null], ""range_multi_buffers"": [null], ""range_num_stages"": [0], ""range_unroll_factors"": [0], ""range_warp_specializes"": [null], ""reduction_loops"": [null]}",ok,11.296000331640244,0.380795955657959,1
softmax,SO_102,1024x4096,heldout,1,heuristics,0,37354fe485337843,"{""atomic_indexing"": [], ""block_sizes"": [2], ""indexing"": [""pointer"", ""tensor_descriptor"", ""pointer"", ""pointer"", ""pointer"", ""pointer""], ""load_eviction_policies"": [""last"", ""last"", ""first"", ""first""], ""num_stages"": 7, ""num_warps"": 4, ""pid_type"": ""flat"", ""range_flattens"": [null], ""range_multi_buffers"": [null], ""range_num_stages"": [0], ""range_unroll_factors"": [0], ""range_warp_specializes"": [null], ""reduction_loops"": [null]}",ok,11.296000331640244,0.36263084411621094,1
softmax,SO_102,1024x4096,heldout,1,heuristics,0,5776fd0ad909b2f2,"{""atomic_indexing"": [], ""block_sizes"": [2], ""indexing"": [""tensor_descriptor"", ""tensor_descriptor"", ""tensor_descriptor"", ""pointer"", ""pointer"", ""pointer""], ""load_eviction_policies"": ["""", ""first"", """", ""last""], ""num_stages"": 4, ""num_warps"": 4, ""pid_type"": ""flat"", ""range_flattens"": [null], ""range_multi_buffers"": [null], ""range_num_stages"": [0], ""range_unroll_factors"": [0], ""range_warp_specializes"": [null], ""reduction_loops"": [null]}",ok,11.296000331640244,0.3535025119781494,1
softmax,SO_102,1024x4096,heldout,1,heuristics,0,4fbe96db09effbd2,"{""atomic_indexing"": [], ""block_sizes"": [2], ""indexing"": [""pointer"", ""pointer"", ""tensor_descriptor"", ""tensor_descriptor"", ""pointer"", ""pointer""], ""load_eviction_policies"": ["""", ""last"", ""last"", """"], ""num_stages"": 3, ""num_warps"": 4, ""pid_type"": ""flat"", ""range_flattens"": [null], ""range_multi_buffers"": [null], ""range_num_stages"": [0], ""range_unroll_factors"": [0], ""range_warp_specializes"": [null], ""reduction_loops"": [null]}",ok,11.296000331640244,0.34290313720703125,1
softmax,SO_102,1024x4096,heldout,1,heuristics,0,95e222b5e08b45db,"{""atomic_indexing"": [], ""block_sizes"": [1], ""indexing"": [""pointer"", ""pointer"", ""pointer"", ""pointer"", ""pointer"", ""tensor_descriptor""], ""load_eviction_policies"": ["""", ""last"", """", ""first""], ""num_stages"": 3, ""num_warps"": 4, ""pid_type"": ""flat"", ""range_flattens"": [null], ""range_multi_buffers"": [null], ""range_num_stages"": [0], ""range_unroll_factors"": [0], ""range_warp_specializes"": [null], ""reduction_loops"": [null]}",ok,9.216000325977802,0.32398319244384766,1
softmax,SO_102,1024x4096,heldout,1,heuristics,0,e7669f72e60d9a55,"{""atomic_indexing"": [], ""block_sizes"": [1], ""indexing"": [""tensor_descriptor"", ""pointer"", ""pointer"", ""pointer"", ""tensor_descriptor"", ""pointer""], ""load_eviction_policies"": ["""", ""first"", """", ""last""], ""num_stages"": 2, ""num_warps"": 4, ""pid_type"": ""flat"", ""range_flattens"": [null], ""range_multi_buffers"": [null], ""range_num_stages"": [0], ""range_unroll_factors"": [0], ""range_warp_specializes"": [null], ""reduction_loops"": [null]}",ok,9.216000325977802,0.3145313262939453,1
softmax,SO_102,1024x4096,heldout,1,heuristics,0,e808571f5d538fbe,"{""atomic_indexing"": [], ""block_sizes"": [1], ""indexing"": [""tensor_descriptor"", ""tensor_descriptor"", ""tensor_descriptor"", ""pointer"", ""pointer"", ""pointer""], ""load_eviction_policies"": ["""", ""last"", ""last"", """"], ""num_stages"": 3, ""num_warps"": 4, ""pid_type"": ""flat"", ""range_flattens"": [null], ""range_multi_buffers"": [null], ""range_num_stages"": [0], ""range_unroll_factors"": [0], ""range_warp_specializes"": [null], ""reduction_loops"": [null]}",ok,9.216000325977802,0.2951242923736572,1
softmax,SO_102,1024x4096,heldout,1,heuristics,0,085bea581ac19295,"{""atomic_indexing"": [], ""block_sizes"": [1], ""indexing"": [""pointer"", ""pointer"", ""tensor_descriptor"", ""pointer"", ""pointer"", ""tensor_descriptor""], ""load_eviction_policies"": [""first"", """", """", """"], ""num_stages"": 4, ""num_warps"": 2, ""pid_type"": ""flat"", ""range_flattens"": [null], ""range_multi_buffers"": [null], ""range_num_stages"": [0], ""range_unroll_factors"": [0], ""range_warp_specializes"": [null], ""reduction_loops"": [null]}",ok,9.279999881982803,0.2760002613067627,1
softmax,SO_102,1024x4096,heldout,1,heuristics,0,1267f42f328081fb,"{""atomic_indexing"": [], ""block_sizes"": [1], ""indexing"": [""pointer"", ""tensor_descriptor"", ""pointer"", ""pointer"", ""tensor_descriptor"", ""pointer""], ""load_eviction_policies"": [""last"", ""last"", """", ""last""], ""num_stages"": 1, ""num_warps"": 2, ""pid_type"": ""flat"", ""range_flattens"": [null], ""range_multi_buffers"": [null], ""range_num_stages"": [0], ""range_unroll_factors"": [0], ""range_warp_specializes"": [null], ""reduction_loops"": [null]}",ok,9.247999638319016,0.26495814323425293,1
softmax,SO_102,1024x4096,heldout,1,heuristics,0,08179a1f017a849e,"{""atomic_indexing"": [], ""block_sizes"": [1], ""indexing"": [""pointer"", ""tensor_descriptor"", ""pointer"", ""tensor_descriptor"", ""pointer"", ""pointer""], ""load_eviction_policies"": ["""", ""first"", """", """"], ""num_stages"": 1, ""num_warps"": 2, ""pid_type"": ""flat"", ""range_flattens"": [null], ""range_multi_buffers"": [null], ""range_num_stages"": [0], ""range_unroll_factors"": [0], ""range_warp_specializes"": [null], ""reduction_loops"": [null]}",ok,9.279999881982803,0.24602103233337402,1
softmax,SO_102,1024x4096,heldout,1,heuristics,0,4db99bd1b1fd307f,"{""atomic_indexing"": [], ""block_sizes"": [1], ""indexing"": [""tensor_descriptor"", ""pointer"", ""pointer"", ""pointer"", ""tensor_descriptor"", ""pointer""], ""load_eviction_policies"": [""first"", """", ""last"", ""last""], ""num_stages"": 1, ""num_warps"": 4, ""pid_type"": ""flat"", ""range_flattens"": [null], ""range_multi_buffers"": [null], ""range_num_stages"": [0], ""range_unroll_factors"": [0], ""range_warp_specializes"": [null], ""reduction_loops"": [null]}",ok,9.216000325977802,0.23396825790405273,1
softmax,SO_102,1024x4096,heldout,1,heuristics,0,e9936258141334eb,"{""atomic_indexing"": [], ""block_sizes"": [1], ""indexing"": [""tensor_descriptor"", ""pointer"", ""pointer"", ""pointer"", ""pointer"", ""tensor_descriptor""], ""load_eviction_policies"": [""first"", ""first"", ""last"", ""last""], ""num_stages"": 4, ""num_warps"": 2, ""pid_type"": ""flat"", ""range_flattens"": [null], ""range_multi_buffers"": [null], ""range_num_stages"": [0], ""range_unroll_factors"": [0], ""range_warp_specializes"": [null], ""reduction_loops"": [null]}",ok,9.279999881982803,0.21459221839904785,1
softmax,SO_102,1024x4096,heldout,1,heuristics,0,434f8e224d142a8b,"{""atomic_indexing"": [], ""block_sizes"": [1], ""indexing"": [""tensor_descriptor"", ""tensor_descriptor"", ""tensor_descriptor"", ""tensor_descriptor"", ""tensor_descriptor"", ""pointer""], ""load_eviction_policies"": ["""", ""first"", """", """"], ""num_stages"": 3, ""num_warps"": 4, ""pid_type"": ""flat"", ""range_flattens"": [null], ""range_multi_buffers"": [null], ""range_num_stages"": [0], ""range_unroll_factors"": [0], ""range_warp_specializes"": [null], ""reduction_loops"": [null]}",ok,9.216000325977802,0.19544577598571777,1
softmax,SO_102,1024x4096,heldout,1,heuristics,0,68752d78a5f2f718,"{""atomic_indexing"": [], ""block_sizes"": [1], ""indexing"": [""pointer"", ""tensor_descriptor"", ""tensor_descriptor"", ""tensor_descriptor"", ""pointer"", ""tensor_descriptor""], ""load_eviction_policies"": ["""", """", ""last"", """"], ""num_stages"": 5, ""num_warps"": 4, ""pid_type"": ""flat"", ""range_flattens"": [null], ""range_multi_buffers"": [null], ""range_num_stages"": [0], ""range_unroll_factors"": [0], ""range_warp_specializes"": [null], ""reduction_loops"": [null]}",ok,9.216000325977802,0.18570995330810547,1
softmax,SO_102,1024x4096,heldout,1,heuristics,0,4856eb1714f29c07,"{""atomic_indexing"": [], ""block_sizes"": [1], ""indexing"": [""pointer"", ""pointer"", ""tensor_descriptor"", ""pointer"", ""pointer"", ""pointer""], ""load_eviction_policies"": ["""", ""first"", ""last"", """"], ""num_stages"": 4, ""num_warps"": 4, ""pid_type"": ""flat"", ""range_flattens"": [null], ""range_multi_buffers"": [null], ""range_num_stages"": [0], ""range_unroll_factors"": [0], ""range_warp_specializes"": [null], ""reduction_loops"": [null]}",ok,9.216000325977802,0.16585230827331543,1
softmax,SO_102,1024x4096,heldout,1,heuristics,0,fc018cf22ed54212,"{""atomic_indexing"": [], ""block_sizes"": [1], ""indexing"": [""pointer"", ""pointer"", ""tensor_descriptor"", ""pointer"", ""tensor_descriptor"", ""pointer""], ""load_eviction_policies"": [""first"", """", ""last"", ""last""], ""num_stages"": 5, ""num_warps"": 4, ""pid_type"": ""flat"", ""range_flattens"": [null], ""range_multi_buffers"": [null], ""range_num_stages"": [0], ""range_unroll_factors"": [0], ""range_warp_specializes"": [null], ""reduction_loops"": [null]}",ok,9.247999638319016,0.15600180625915527,1
softmax,SO_102,1024x4096,heldout,1,heuristics,0,c74b29bb5044d66d,"{""atomic_indexing"": [], ""block_sizes"": [1], ""indexing"": [""tensor_descriptor"", ""tensor_descriptor"", ""tensor_descriptor"", ""pointer"", ""pointer"", ""pointer""], ""load_eviction_policies"": ["""", ""first"", ""first"", ""first""], ""num_stages"": 8, ""num_warps"": 1, ""pid_type"": ""flat"", ""range_flattens"": [null], ""range_multi_buffers"": [null], ""range_num_stages"": [0], ""range_unroll_factors"": [0], ""range_warp_specializes"": [null], ""reduction_loops"": [null]}",ok,11.264000087976456,0.13723182678222656,1
softmax,SO_102,1024x4096,heldout,1,heuristics,0,4708becdd7c177b9,"{""atomic_indexing"": [], ""block_sizes"": [1], ""indexing"": [""tensor_descriptor"", ""pointer"", ""pointer"", ""pointer"", ""tensor_descriptor"", ""pointer""], ""load_eviction_policies"": ["""", ""last"", ""first"", """"], ""num_stages"": 4, ""num_warps"": 1, ""pid_type"": ""flat"", ""range_flattens"": [null], ""range_multi_buffers"": [null], ""range_num_stages"": [0], ""range_unroll_factors"": [0], ""range_warp_specializes"": [null], ""reduction_loops"": [null]}",ok,11.264000087976456,0.12853622436523438,1
softmax,SO_102,1024x4096,heldout,1,heuristics,0,99c5aebdeea9e7c6,"{""atomic_indexing"": [], ""block_sizes"": [1], ""indexing"": [""pointer"", ""pointer"", ""tensor_descriptor"", ""pointer"", ""pointer"", ""tensor_descriptor""], ""load_eviction_policies"": ["""", ""first"", ""last"", ""first""], ""num_stages"": 6, ""num_warps"": 1, ""pid_type"": ""flat"", ""range_flattens"": [null], ""range_multi_buffers"": [null], ""range_num_stages"": [0], ""range_unroll_factors"": [0], ""range_warp_specializes"": [null], ""reduction_loops"": [null]}",ok,11.264000087976456,0.1076364517211914,1
softmax,SO_102,1024x4096,heldout,1,heuristics,0,5fda1aeabce14faf,"{""atomic_indexing"": [], ""block_sizes"": [1], ""indexing"": [""tensor_descriptor"", ""pointer"", ""pointer"", ""pointer"", ""pointer"", ""tensor_descriptor""], ""load_eviction_policies"": [""first"", ""first"", ""first"", """"], ""num_stages"": 5, ""num_warps"": 1, ""pid_type"": ""flat"", ""range_flattens"": [null], ""range_multi_buffers"": [null], ""range_num_stages"": [0], ""range_unroll_factors"": [0], ""range_warp_specializes"": [null], ""reduction_loops"": [null]}",ok,11.264000087976456,0.09862089157104492,1
softmax,SO_102,1024x4096,heldout,1,heuristics,0,ecba085562a0f716,"{""atomic_indexing"": [], ""block_sizes"": [1], ""indexing"": [""pointer"", ""pointer"", ""tensor_descriptor"", ""pointer"", ""tensor_descriptor"", ""tensor_descriptor""], ""load_eviction_policies"": ["""", ""last"", ""first"", """"], ""num_stages"": 5, ""num_warps"": 4, ""pid_type"": ""flat"", ""range_flattens"": [null], ""range_multi_buffers"": [null], ""range_num_stages"": [0], ""range_unroll_factors"": [0], ""range_warp_specializes"": [null], ""reduction_loops"": [null]}",ok,9.216000325977802,0.07976508140563965,1
softmax,SO_102,1024x4096,heldout,1,heuristics,0,73ee7ebfcd167c3e,"{""atomic_indexing"": [], ""block_sizes"": [1], ""indexing"": [""pointer"", ""pointer"", ""tensor_descriptor"", ""tensor_descriptor"", ""tensor_descriptor"", ""tensor_descriptor""], ""load_eviction_policies"": [""last"", """", """", ""first""], ""num_stages"": 1, ""num_warps"": 4, ""pid_type"": ""flat"", ""range_flattens"": [null], ""range_multi_buffers"": [null], ""range_num_stages"": [0], ""range_unroll_factors"": [0], ""range_warp_specializes"": [null], ""reduction_loops"": [null]}",ok,9.216000325977802,0.07084107398986816,1
softmax,SO_102,1024x4096,heldout,1,heuristics,0,6fa900742bf7cad2,"{""atomic_indexing"": [], ""block_sizes"": [1], ""indexing"": [""pointer"", ""tensor_descriptor"", ""pointer"", ""pointer"", ""pointer"", ""pointer""], ""load_eviction_policies"": ["""", ""first"", """", ""last""], ""num_stages"": 2, ""num_warps"": 2, ""pid_type"": ""flat"", ""range_flattens"": [null], ""range_multi_buffers"": [null], ""range_num_stages"": [0], ""range_unroll_factors"": [0], ""range_warp_specializes"": [null], ""reduction_loops"": [null]}",ok,9.279999881982803,0.0515289306640625,1
softmax,SO_102,1024x4096,heldout,1,heuristics,0,4c8d5c71e5731ce4,"{""atomic_indexing"": [], ""block_sizes"": [1], ""indexing"": [""pointer"", ""tensor_descriptor"", ""tensor_descriptor"", ""pointer"", ""tensor_descriptor"", ""tensor_descriptor""], ""load_eviction_policies"": [""last"", ""first"", ""last"", """"], ""num_stages"": 4, ""num_warps"": 2, ""pid_type"": ""flat"", ""range_flattens"": [null], ""range_multi_buffers"": [null], ""range_num_stages"": [0], ""range_unroll_factors"": [0], ""range_warp_specializes"": [null], ""reduction_loops"": [null]}",ok,9.279999881982803,0.04271864891052246,1
softmax,SO_102,1024x4096,heldout,1,heuristics,0,8f9244c76278f5d3,"{""atomic_indexing"": [], ""block_sizes"": [1], ""indexing"": [""pointer"", ""pointer"", ""pointer"", ""pointer"", ""pointer"", ""pointer""], ""load_eviction_policies"": ["""", """", """", """"], ""num_stages"": 1, ""num_warps"": 4, ""pid_type"": ""flat"", ""range_flattens"": [null], ""range_multi_buffers"": [null], ""range_num_stages"": [0], ""range_unroll_factors"": [0], ""range_warp_specializes"": [null], ""reduction_loops"": [null]}",ok,9.216000325977802,0.046296119689941406,1
softmax,SO_102,1024x4096,heldout,1,heuristics,0,736883104fb84b05,"{""atomic_indexing"": [], ""block_sizes"": [8], ""indexing"": [""pointer"", ""pointer"", ""pointer"", ""pointer"", ""pointer"", ""pointer""], ""load_eviction_policies"": ["""", """", """", """"], ""num_stages"": 2, ""num_warps"": 8, ""pid_type"": ""flat"", ""range_flattens"": [null], ""range_multi_buffers"": [null], ""range_num_stages"": [0], ""range_unroll_factors"": [0], ""range_warp_specializes"": [null], ""reduction_loops"": [null]}",ok,11.264000087976456,0.07252144813537598,0
softmax,SO_102,1024x4096,heldout,1,heuristics,0,02b40432328bb616,"{""atomic_indexing"": [], ""block_sizes"": [16], ""indexing"": [""pointer"", ""pointer"", ""pointer"", ""pointer"", ""pointer"", ""pointer""], ""load_eviction_policies"": ["""", """", """", """"], ""num_stages"": 3, ""num_warps"": 8, ""pid_type"": ""flat"", ""range_flattens"": [null], ""range_multi_buffers"": [null], ""range_num_stages"": [0], ""range_unroll_factors"": [0], ""range_warp_specializes"": [null], ""reduction_loops"": [null]}",ok,17.44000054895878,0.054062604904174805,0
softmax,SO_102,1024x4096,heldout,1,heuristics,0,a22a4b704ac9c927,"{""atomic_indexing"": [], ""block_sizes"": [4], ""indexing"": [""pointer"", ""pointer"", ""pointer"", ""pointer"", ""pointer"", ""pointer""], ""load_eviction_policies"": ["""", """", """", """"], ""num_sm_multiplier"": 1, ""num_stages"": 2, ""num_warps"": 4, ""pid_type"": ""persistent_blocked"", ""range_flattens"": [null], ""range_multi_buffers"": [null], ""range_num_stages"": [0], ""range_unroll_factors"": [0], ""range_warp_specializes"": [null], ""reduction_loops"": [null]}",ok,13.344000093638897,0.0366978645324707,0
softmax,SO_102,1024x4096,heldout,1,heuristics,0,db08dbbf6ad57f96,"{""atomic_indexing"": [], ""block_sizes"": [32], ""indexing"": [""tensor_descriptor"", ""tensor_descriptor"", ""tensor_descriptor"", ""tensor_descriptor"", ""tensor_descriptor"", ""tensor_descriptor""], ""load_eviction_policies"": ["""", """", """", """"], ""num_stages"": 2, ""num_warps"": 16, ""pid_type"": ""flat"", ""range_flattens"": [null], ""range_multi_buffers"": [null], ""range_num_stages"": [0], ""range_unroll_factors"": [0], ""range_warp_specializes"": [null], ""reduction_loops"": [null]}",error,inf,0.04560399055480957,0
softmax,SO_102,1024x4096,heldout,1,heuristics,0,97489e6e5bb2b9e8,"{""atomic_indexing"": [], ""block_sizes"": [2], ""indexing"": [""pointer"", ""pointer"", ""pointer"", ""pointer"", ""pointer"", ""pointer""], ""load_eviction_policies"": ["""", """", """", """"], ""num_stages"": 1, ""num_warps"": 4, ""pid_type"": ""flat"", ""range_flattens"": [null], ""range_multi_buffers"": [null], ""range_num_stages"": [0], ""range_unroll_factors"": [0], ""range_warp_specializes"": [null], ""reduction_loops"": [null]}",ok,11.296000331640244,0.03575634956359863,0
softmax,SO_102,1024x4096,heldout,2,heuristics,0,b48181f977e3a773,"{""atomic_indexing"": [], ""block_sizes"": [16], ""indexing"": [""tensor_descriptor"", ""tensor_descriptor"", ""pointer"", ""tensor_descriptor"", ""tensor_descriptor"", ""tensor_descriptor""], ""load_eviction_policies"": [""last"", ""first"", """", ""last""], ""num_stages"": 3, ""num_warps"": 16, ""pid_type"": ""flat"", ""range_flattens"": [null], ""range_multi_buffers"": [null], ""range_num_stages"": [0], ""range_unroll_factors"": [0], ""range_warp_specializes"": [null], ""reduction_loops"": [null]}",ok,21.536000072956085,0.3528165817260742,1
softmax,SO_102,1024x4096,heldout,2,heuristics,0,2eaa47515491baec,"{""atomic_indexing"": [], ""block_sizes"": [4], ""indexing"": [""pointer"", ""tensor_descriptor"", ""tensor_descriptor"", ""tensor_descriptor"", ""pointer"", ""tensor_descriptor""], ""load_eviction_policies"": ["""", """", """", ""last""], ""num_stages"": 7, ""num_warps"": 4, ""pid_type"": ""flat"", ""range_flattens"": [null], ""range_multi_buffers"": [null], ""range_num_stages"": [0], ""range_unroll_factors"": [0], ""range_warp_specializes"": [null], ""reduction_loops"": [null]}",ok,11.264000087976456,0.33985304832458496,1
softmax,SO_102,1024x4096,heldout,2,heuristics,0,f5217d8ba28efb96,"{""atomic_indexing"": [], ""block_sizes"": [16], ""indexing"": [""pointer"", ""pointer"", ""pointer"", ""tensor_descriptor"", ""pointer"", ""pointer""], ""load_eviction_policies"": [""first"", """", ""last"", ""last""], ""num_stages"": 4, ""num_warps"": 16, ""pid_type"": ""flat"", ""range_flattens"": [null], ""range_multi_buffers"": [null], ""range_num_stages"": [0], ""range_unroll_factors"": [0], ""range_warp_specializes"": [null], ""reduction_loops"": [null]}",ok,17.40800030529499,0.3265860080718994,1
softmax,SO_102,1024x4096,heldout,2,heuristics,0,2762deffa84c958d,"{""atomic_indexing"": [], ""block_sizes"": [16], ""indexing"": [""tensor_descriptor"", ""pointer"", ""pointer"", ""pointer"", ""pointer"", ""tensor_descriptor""], ""load_eviction_policies"": ["""", ""first"", ""last"", """"], ""num_stages"": 1, ""num_warps"": 16, ""pid_type"": ""flat"", ""range_flattens"": [null], ""range_multi_buffers"": [null], ""range_num_stages"": [0], ""range_unroll_factors"": [0], ""range_warp_specializes"": [null], ""reduction_loops"": [null]}",ok,17.40800030529499,0.3076145648956299,1
softmax,SO_102,1024x4096,heldout,2,heuristics,0,9075cf58f9bd030f,"{""atomic_indexing"": [], ""block_sizes"": [2], ""indexing"": [""tensor_descriptor"", ""pointer"", ""pointer"", ""tensor_descriptor"", ""pointer"", ""pointer""], ""load_eviction_policies"": [""first"", ""first"", """", """"], ""num_stages"": 5, ""num_warps"": 4, ""pid_type"": ""flat"", ""range_flattens"": [null], ""range_multi_buffers"": [null], ""range_num_stages"": [0], ""range_unroll_factors"": [0], ""range_warp_specializes"": [null], ""reduction_loops"": [null]}",ok,11.296000331640244,0.29433727264404297,1
softmax,SO_102,1024x4096,heldout,2,heuristics,0,737389bd6928bf84,"{""atomic_indexing"": [], ""block_sizes"": [2], ""indexing"": [""pointer"", ""tensor_descriptor"", ""pointer"", ""pointer"", ""pointer"", ""tensor_descriptor""], ""load_eviction_policies"": [""last"", """", ""first"", ""last""], ""num_stages"": 4, ""num_warps"": 4, ""pid_type"": ""flat"", ""range_flattens"": [null], ""range_multi_buffers"": [null], ""range_num_stages"": [0], ""range_unroll_factors"": [0], ""range_warp_specializes"": [null], ""reduction_loops"": [null]}",ok,11.296000331640244,0.2754356861114502,1
softmax,SO_102,1024x4096,heldout,2,heuristics,0,37354fe485337843,"{""atomic_indexing"": [], ""block_sizes"": [2], ""indexing"": [""pointer"", ""tensor_descriptor"", ""pointer"", ""pointer"", ""pointer"", ""pointer""], ""load_eviction_policies"": [""last"", ""last"", ""first"", ""first""], ""num_stages"": 7, ""num_warps"": 4, ""pid_type"": ""flat"", ""range_flattens"": [null], ""range_multi_buffers"": [null], ""range_num_stages"": [0], ""range_unroll_factors"": [0], ""range_warp_specializes"": [null], ""reduction_loops"": [null]}",ok,11.296000331640244,0.26577234268188477,1
softmax,SO_102,1024x4096,heldout,2,heuristics,0,5776fd0ad909b2f2,"{""atomic_indexing"": [], ""block_sizes"": [2], ""indexing"": [""tensor_descriptor"", ""tensor_descriptor"", ""tensor_descriptor"", ""pointer"", ""pointer"", ""pointer""], ""load_eviction_policies"": ["""", ""first"", """", ""last""], ""num_stages"": 4, ""num_warps"": 4, ""pid_type"": ""flat"", ""range_flattens"": [null], ""range_multi_buffers"": [null], ""range_num_stages"": [0], ""range_unroll_factors"": [0], ""range_warp_specializes"": [null], ""reduction_loops"": [null]}",ok,11.296000331640244,0.25771212577819824,1
softmax,SO_102,1024x4096,heldout,2,heuristics,0,4fbe96db09effbd2,"{""atomic_indexing"": [], ""block_sizes"": [2], ""indexing"": [""pointer"", ""pointer"", ""tensor_descriptor"", ""tensor_descriptor"", ""pointer"", ""pointer""], ""load_eviction_policies"": ["""", ""last"", ""last"", """"], ""num_stages"": 3, ""num_warps"": 4, ""pid_type"": ""flat"", ""range_flattens"": [null], ""range_multi_buffers"": [null], ""range_num_stages"": [0], ""range_unroll_factors"": [0], ""range_warp_specializes"": [null], ""reduction_loops"": [null]}",ok,11.296000331640244,0.23839783668518066,1
softmax,SO_102,1024x4096,heldout,2,heuristics,0,95e222b5e08b45db,"{""atomic_indexing"": [], ""block_sizes"": [1], ""indexing"": [""pointer"", ""pointer"", ""pointer"", ""pointer"", ""pointer"", ""tensor_descriptor""], ""load_eviction_policies"": ["""", ""last"", """", ""first""], ""num_stages"": 3, ""num_warps"": 4, ""pid_type"": ""flat"", ""range_flattens"": [null], ""range_multi_buffers"": [null], ""range_num_stages"": [0], ""range_unroll_factors"": [0], ""range_warp_specializes"": [null], ""reduction_loops"": [null]}",ok,9.216000325977802,0.22754502296447754,1
softmax,SO_102,1024x4096,heldout,2,heuristics,0,e7669f72e60d9a55,"{""atomic_indexing"": [], ""block_sizes"": [1], ""indexing"": [""tensor_descriptor"", ""pointer"", ""pointer"", ""pointer"", ""tensor_descriptor"", ""pointer""], ""load_eviction_policies"": ["""", ""first"", """", ""last""], ""num_stages"": 2, ""num_warps"": 4, ""pid_type"": ""flat"", ""range_flattens"": [null], ""range_multi_buffers"": [null], ""range_num_stages"": [0], ""range_unroll_factors"": [0], ""range_warp_specializes"": [null], ""reduction_loops"": [null]}",ok,9.247999638319016,0.20811748504638672,1
softmax,SO_102,1024x4096,heldout,2,heuristics,0,e808571f5d538fbe,"{""atomic_indexing"": [], ""block_sizes"": [1], ""indexing"": [""tensor_descriptor"", ""tensor_descriptor"", ""tensor_descriptor"", ""pointer"", ""pointer"", ""pointer""], ""load_eviction_policies"": ["""", ""last"", ""last"", """"], ""num_stages"": 3, ""num_warps"": 4, ""pid_type"": ""flat"", ""range_flattens"": [null], ""range_multi_buffers"": [null], ""range_num_stages"": [0], ""range_unroll_factors"": [0], ""range_warp_specializes"": [null], ""reduction_loops"": [null]}",ok,9.216000325977802,0.19957852363586426,1
softmax,SO_102,1024x4096,heldout,2,heuristics,0,085bea581ac19295,"{""atomic_indexing"": [], ""block_sizes"": [1], ""indexing"": [""pointer"", ""pointer"", ""tensor_descriptor"", ""pointer"", ""pointer"", ""tensor_descriptor""], ""load_eviction_policies"": [""first"", """", """", """"], ""num_stages"": 4, ""num_warps"": 2, ""pid_type"": ""flat"", ""range_flattens"": [null], ""range_multi_buffers"": [null], ""range_num_stages"": [0], ""range_unroll_factors"": [0], ""range_warp_specializes"": [null], ""reduction_loops"": [null]}",ok,9.279999881982803,0.18024969100952148,1
softmax,SO_102,1024x4096,heldout,2,heuristics,0,1267f42f328081fb,"{""atomic_indexing"": [], ""block_sizes"": [1], ""indexing"": [""pointer"", ""tensor_descriptor"", ""pointer"", ""pointer"", ""tensor_descriptor"", ""pointer""], ""load_eviction_policies"": [""last"", ""last"", """", ""last""], ""num_stages"": 1, ""num_warps"": 2, ""pid_type"": ""flat"", ""range_flattens"": [null], ""range_multi_buffers"": [null], ""range_num_stages"": [0], ""range_unroll_factors"": [0], ""range_warp_specializes"": [null], ""reduction_loops"": [null]}",ok,9.279999881982803,0.17182469367980957,1
softmax,SO_102,1024x4096,heldout,2,heuristics,0,08179a1f017a849e,"{""atomic_indexing"": [], ""block_sizes"": [1], ""indexing"": [""pointer"", ""tensor_descriptor"", ""pointer"", ""tensor_descriptor"", ""pointer"", ""pointer""], ""load_eviction_policies"": ["""", ""first"", """", """"], ""num_stages"": 1, ""num_warps"": 2, ""pid_type"": ""flat"", ""range_flattens"": [null], ""range_multi_buffers"": [null], ""range_num_stages"": [0], ""range_unroll_factors"": [0], ""range_warp_specializes"": [null], ""reduction_loops"": [null]}",ok,9.279999881982803,0.16401362419128418,1
softmax,SO_102,1024x4096,heldout,2,heuristics,0,4db99bd1b1fd307f,"{""atomic_indexing"": [], ""block_sizes"": [1], ""indexing"": [""tensor_descriptor"", ""pointer"", ""pointer"", ""pointer"", ""tensor_descriptor"", ""pointer""], ""load_eviction_policies"": [""first"", """", ""last"", ""last""], ""num_stages"": 1, ""num_warps"": 4, ""pid_type"": ""flat"", ""range_flattens"": [null], ""range_multi_buffers"": [null], ""range_num_stages"": [0], ""range_unroll_factors"": [0], ""range_warp_specializes"": [null], ""reduction_loops"": [null]}",ok,9.216000325977802,0.15566444396972656,1
softmax,SO_102,1024x4096,heldout,2,heuristics,0,e9936258141334eb,"{""atomic_indexing"": [], ""block_sizes"": [1], ""indexing"": [""tensor_descriptor"", ""pointer"", ""pointer"", ""pointer"", ""pointer"", ""tensor_descriptor""], ""load_eviction_policies"": [""first"", ""first"", ""last"", ""last""], ""num_stages"": 4, ""num_warps"": 2, ""pid_type"": ""flat"", ""range_flattens"": [null], ""range_multi_buffers"": [null], ""range_num_stages"": [0], ""range_unroll_factors"": [0], ""range_warp_specializes"": [null], ""reduction_loops"": [null]}",ok,9.279999881982803,0.14845776557922363,1
softmax,SO_102,1024x4096,heldout,2,heuristics,0,434f8e224d142a8b,"{""atomic_indexing"": [], ""block_sizes"": [1], ""indexing"": [""tensor_descriptor"", ""tensor_descriptor"", ""tensor_descriptor"", ""tensor_descriptor"", ""tensor_descriptor"", ""pointer""], ""load_eviction_policies"": ["""", ""first"", """", """"], ""num_stages"": 3, ""num_warps"": 4, ""pid_type"": ""flat"", ""range_flattens"": [null], ""range_multi_buffers"": [null], ""range_num_stages"": [0], ""range_unroll_factors"": [0], ""range_warp_specializes"": [null], ""reduction_loops"": [null]}",ok,9.216000325977802,0.14099764823913574,1
softmax,SO_102,1024x4096,heldout,2,heuristics,0,68752d78a5f2f718,"{""atomic_indexing"": [], ""block_sizes"": [1], ""indexing"": [""pointer"", ""tensor_descriptor"", ""tensor_descriptor"", ""tensor_descriptor"", ""pointer"", ""tensor_descriptor""], ""load_eviction_policies"": ["""", """", ""last"", """"], ""num_stages"": 5, ""num_warps"": 4, ""pid_type"": ""flat"", ""range_flattens"": [null], ""range_multi_buffers"": [null], ""range_num_stages"": [0], ""range_unroll_factors"": [0], ""range_warp_specializes"": [null], ""reduction_loops"": [null]}",ok,9.216000325977802,0.13324785232543945,1
softmax,SO_102,1024x4096,heldout,2,heuristics,0,4856eb1714f29c07,"{""atomic_indexing"": [], ""block_sizes"": [1], ""indexing"": [""pointer"", ""pointer"", ""tensor_descriptor"", ""pointer"", ""pointer"", ""pointer""], ""load_eviction_policies"": ["""", ""first"", ""last"", """"], ""num_stages"": 4, ""num_warps"": 4, ""pid_type"": ""flat"", ""range_flattens"": [null], ""range_multi_buffers"": [null], ""range_num_stages"": [0], ""range_unroll_factors"": [0], ""range_warp_specializes"": [null], ""reduction_loops"": [null]}",ok,9.216000325977802,0.12567543983459473,1
softmax,SO_102,1024x4096,heldout,2,heuristics,0,fc018cf22ed54212,"{""atomic_indexing"": [], ""block_sizes"": [1], ""indexing"": [""pointer"", ""pointer"", ""tensor_descriptor"", ""pointer"", ""tensor_descriptor"", ""pointer""], ""load_eviction_policies"": [""first"", """", ""last"", ""last""], ""num_stages"": 5, ""num_warps"": 4, ""pid_type"": ""flat"", ""range_flattens"": [null], ""range_multi_buffers"": [null], ""range_num_stages"": [0], ""range_unroll_factors"": [0], ""range_warp_specializes"": [null], ""reduction_loops"": [null]}",ok,9.247999638319016,0.11608767509460449,1
softmax,SO_102,1024x4096,heldout,2,heuristics,0,c74b29bb5044d66d,"{""atomic_indexing"": [], ""block_sizes"": [1], ""indexing"": [""tensor_descriptor"", ""tensor_descriptor"", ""tensor_descriptor"", ""pointer"", ""pointer"", ""pointer""], ""load_eviction_policies"": ["""", ""first"", ""first"", ""first""], ""num_stages"": 8, ""num_warps"": 1, ""pid_type"": ""flat"", ""range_flattens"": [null], ""range_multi_buffers"": [null], ""range_num_stages"": [0], ""range_unroll_factors"": [0], ""range_warp_specializes"": [null], ""reduction_loops"": [null]}",ok,11.296000331640244,0.09705686569213867,1
softmax,SO_102,1024x4096,heldout,2,heuristics,0,4708becdd7c177b9,"{""atomic_indexing"": [], ""block_sizes"": [1], ""indexing"": [""tensor_descriptor"", ""pointer"", ""pointer"", ""pointer"", ""tensor_descriptor"", ""pointer""], ""load_eviction_policies"": ["""", ""last"", ""first"", """"], ""num_stages"": 4, ""num_warps"": 1, ""pid_type"": ""flat"", ""range_flattens"": [null], ""range_multi_buffers"": [null], ""range_num_stages"": [0], ""range_unroll_factors"": [0], ""range_warp_specializes"": [null], ""reduction_loops"": [null]}",ok,11.264000087976456,0.0881655216217041,1
softmax,SO_102,1024x4096,heldout,2,heuristics,0,99c5aebdeea9e7c6,"{""atomic_indexing"": [], ""block_sizes"": [1], ""indexing"": [""pointer"", ""pointer"", ""tensor_descriptor"", ""pointer"", ""pointer"", ""tensor_descriptor""], ""load_eviction_policies"": ["""", ""first"", ""last"", ""first""], ""num_stages"": 6, ""num_warps"": 1, ""pid_type"": ""flat"", ""range_flattens"": [null], ""range_multi_buffers"": [null], ""range_num_stages"": [0], ""range_unroll_factors"": [0], ""range_warp_specializes"": [null], ""reduction_loops"": [null]}",ok,11.264000087976456,0.06878519058227539,1
softmax,SO_102,1024x4096,heldout,2,heuristics,0,5fda1aeabce14faf,"{""atomic_indexing"": [], ""block_sizes"": [1], ""indexing"": [""tensor_descriptor"", ""pointer"", ""pointer"", ""pointer"", ""pointer"", ""tensor_descriptor""], ""load_eviction_policies"": [""first"", ""first"", ""first"", """"], ""num_stages"": 5, ""num_warps"": 1, ""pid_type"": ""flat"", ""range_flattens"": [null], ""range_multi_buffers"": [null], ""range_num_stages"": [0], ""range_unroll_factors"": [0], ""range_warp_specializes"": [null], ""reduction_loops"": [null]}",ok,11.264000087976456,0.059934377670288086,1
softmax,SO_102,1024x4096,heldout,2,heuristics,0,ecba085562a0f716,"{""atomic_indexing"": [], ""block_sizes"": [1], ""indexing"": [""pointer"", ""pointer"", ""tensor_descriptor"", ""pointer"", ""tensor_descriptor"", ""tensor_descriptor""], ""load_eviction_policies"": ["""", ""last"", ""first"", """"], ""num_stages"": 5, ""num_warps"": 4, ""pid_type"": ""flat"", ""range_flattens"": [null], ""range_multi_buffers"": [null], ""range_num_stages"": [0], ""range_unroll_factors"": [0], ""range_warp_specializes"": [null], ""reduction_loops"": [null]}",ok,9.216000325977802,0.0523066520690918,1
softmax,SO_102,1024x4096,heldout,2,heuristics,0,73ee7ebfcd167c3e,"{""atomic_indexing"": [], ""block_sizes"": [1], ""indexing"": [""pointer"", ""pointer"", ""tensor_descriptor"", ""tensor_descriptor"", ""tensor_descriptor"", ""tensor_descriptor""], ""load_eviction_policies"": [""last"", """", """", ""first""], ""num_stages"": 1, ""num_warps"": 4, ""pid_type"": ""flat"", ""range_flattens"": [null], ""range_multi_buffers"": [null], ""range_num_stages"": [0], ""range_unroll_factors"": [0], ""range_warp_specializes"": [null], ""reduction_loops"": [null]}",ok,9.247999638319016,0.04506373405456543,1
softmax,SO_102,1024x4096,heldout,2,heuristics,0,6fa900742bf7cad2,"{""atomic_indexing"": [], ""block_sizes"": [1], ""indexing"": [""pointer"", ""tensor_descriptor"", ""pointer"", ""pointer"", ""pointer"", ""pointer""], ""load_eviction_policies"": ["""", ""first"", """", ""last""], ""num_stages"": 2, ""num_warps"": 2, ""pid_type"": ""flat"", ""range_flattens"": [null], ""range_multi_buffers"": [null], ""range_num_stages"": [0], ""range_unroll_factors"": [0], ""range_warp_specializes"": [null], ""reduction_loops"": [null]}",ok,9.279999881982803,0.03789830207824707,1
softmax,SO_102,1024x4096,heldout,2,heuristics,0,4c8d5c71e5731ce4,"{""atomic_indexing"": [], ""block_sizes"": [1], ""indexing"": [""pointer"", ""tensor_descriptor"", ""tensor_descriptor"", ""pointer"", ""tensor_descriptor"", ""tensor_descriptor""], ""load_eviction_policies"": [""last"", ""first"", ""last"", """"], ""num_stages"": 4, ""num_warps"": 2, ""pid_type"": ""flat"", ""range_flattens"": [null], ""range_multi_buffers"": [null], ""range_num_stages"": [0], ""range_unroll_factors"": [0], ""range_warp_specializes"": [null], ""reduction_loops"": [null]}",ok,9.279999881982803,0.03074932098388672,1
softmax,SO_102,1024x4096,heldout,2,heuristics,0,8f9244c76278f5d3,"{""atomic_indexing"": [], ""block_sizes"": [1], ""indexing"": [""pointer"", ""pointer"", ""pointer"", ""pointer"", ""pointer"", ""pointer""], ""load_eviction_policies"": ["""", """", """", """"], ""num_stages"": 1, ""num_warps"": 4, ""pid_type"": ""flat"", ""range_flattens"": [null], ""range_multi_buffers"": [null], ""range_num_stages"": [0], ""range_unroll_factors"": [0], ""range_warp_specializes"": [null], ""reduction_loops"": [null]}",ok,9.216000325977802,0.0464479923248291,1
softmax,SO_102,1024x4096,heldout,2,heuristics,0,736883104fb84b05,"{""atomic_indexing"": [], ""block_sizes"": [8], ""indexing"": [""pointer"", ""pointer"", ""pointer"", ""pointer"", ""pointer"", ""pointer""], ""load_eviction_policies"": ["""", """", """", """"], ""num_stages"": 2, ""num_warps"": 8, ""pid_type"": ""flat"", ""range_flattens"": [null], ""range_multi_buffers"": [null], ""range_num_stages"": [0], ""range_unroll_factors"": [0], ""range_warp_specializes"": [null], ""reduction_loops"": [null]}",ok,11.296000331640244,0.0703585147857666,0
softmax,SO_102,1024x4096,heldout,2,heuristics,0,02b40432328bb616,"{""atomic_indexing"": [], ""block_sizes"": [16], ""indexing"": [""pointer"", ""pointer"", ""pointer"", ""pointer"", ""pointer"", ""pointer""], ""load_eviction_policies"": ["""", """", """", """"], ""num_stages"": 3, ""num_warps"": 8, ""pid_type"": ""flat"", ""range_flattens"": [null], ""range_multi_buffers"": [null], ""range_num_stages"": [0], ""range_unroll_factors"": [0], ""range_warp_specializes"": [null], ""reduction_loops"": [null]}",ok,17.44000054895878,0.05206727981567383,0
softmax,SO_102,1024x4096,heldout,2,heuristics,0,a22a4b704ac9c927,"{""atomic_indexing"": [], ""block_sizes"": [4], ""indexing"": [""pointer"", ""pointer"", ""pointer"", ""pointer"", ""pointer"", ""pointer""], ""load_eviction_policies"": ["""", """", """", """"], ""num_sm_multiplier"": 1, ""num_stages"": 2, ""num_warps"": 4, ""pid_type"": ""persistent_blocked"", ""range_flattens"": [null], ""range_multi_buffers"": [null], ""range_num_stages"": [0], ""range_unroll_factors"": [0], ""range_warp_specializes"": [null], ""reduction_loops"": [null]}",ok,13.344000093638897,0.03500676155090332,0
softmax,SO_102,1024x4096,heldout,2,heuristics,0,db08dbbf6ad57f96,"{""atomic_indexing"": [], ""block_sizes"": [32], ""indexing"": [""tensor_descriptor"", ""tensor_descriptor"", ""tensor_descriptor"", ""tensor_descriptor"", ""tensor_descriptor"", ""tensor_descriptor""], ""load_eviction_policies"": ["""", """", """", """"], ""num_stages"": 2, ""num_warps"": 16, ""pid_type"": ""flat"", ""range_flattens"": [null], ""range_multi_buffers"": [null], ""range_num_stages"": [0], ""range_unroll_factors"": [0], ""range_warp_specializes"": [null], ""reduction_loops"": [null]}",error,inf,0.028388261795043945,0
softmax,SO_102,1024x4096,heldout,2,heuristics,0,97489e6e5bb2b9e8,"{""atomic_indexing"": [], ""block_sizes"": [2], ""indexing"": [""pointer"", ""pointer"", ""pointer"", ""pointer"", ""pointer"", ""pointer""], ""load_eviction_policies"": ["""", """", """", """"], ""num_stages"": 1, ""num_warps"": 4, ""pid_type"": ""flat"", ""range_flattens"": [null], ""range_multi_buffers"": [null], ""range_num_stages"": [0], ""range_unroll_factors"": [0], ""range_warp_specializes"": [null], ""reduction_loops"": [null]}",ok,11.296000331640244,0.04419064521789551,0
softmax,SO_103,4096x1024,heldout,0,heuristics,0,b48181f977e3a773,"{""atomic_indexing"": [], ""block_sizes"": [16], ""indexing"": [""tensor_descriptor"", ""tensor_descriptor"", ""pointer"", ""tensor_descriptor"", ""tensor_descriptor"", ""tensor_descriptor""], ""load_eviction_policies"": [""last"", ""first"", """", ""last""], ""num_stages"": 3, ""num_warps"": 16, ""pid_type"": ""flat"", ""range_flattens"": [null], ""range_multi_buffers"": [null], ""range_num_stages"": [0], ""range_unroll_factors"": [0], ""range_warp_specializes"": [null], ""reduction_loops"": [null]}",ok,14.495999552309513,0.3574411869049072,1
softmax,SO_103,4096x1024,heldout,0,heuristics,0,2eaa47515491baec,"{""atomic_indexing"": [], ""block_sizes"": [4], ""indexing"": [""pointer"", ""tensor_descriptor"", ""tensor_descriptor"", ""tensor_descriptor"", ""pointer"", ""tensor_descriptor""], ""load_eviction_policies"": ["""", """", """", ""last""], ""num_stages"": 7, ""num_warps"": 4, ""pid_type"": ""flat"", ""range_flattens"": [null], ""range_multi_buffers"": [null], ""range_num_stages"": [0], ""range_unroll_factors"": [0], ""range_warp_specializes"": [null], ""reduction_loops"": [null]}",ok,9.279999881982803,0.33922600746154785,1
softmax,SO_103,4096x1024,heldout,0,heuristics,0,f5217d8ba28efb96,"{""atomic_indexing"": [], ""block_sizes"": [16], ""indexing"": [""pointer"", ""pointer"", ""pointer"", ""tensor_descriptor"", ""pointer"", ""pointer""], ""load_eviction_policies"": [""first"", """", ""last"", ""last""], ""num_stages"": 4, ""num_warps"": 16, ""pid_type"": ""flat"", ""range_flattens"": [null], ""range_multi_buffers"": [null], ""range_num_stages"": [0], ""range_unroll_factors"": [0], ""range_warp_specializes"": [null], ""reduction_loops"": [null]}",ok,11.296000331640244,0.3225281238555908,1
softmax,SO_103,4096x1024,heldout,0,heuristics,0,2762deffa84c958d,"{""atomic_indexing"": [], ""block_sizes"": [16], ""indexing"": [""tensor_descriptor"", ""pointer"", ""pointer"", ""pointer"", ""pointer"", ""tensor_descriptor""], ""load_eviction_policies"": ["""", ""first"", ""last"", """"], ""num_stages"": 1, ""num_warps"": 16, ""pid_type"": ""flat"", ""range_flattens"": [null], ""range_multi_buffers"": [null], ""range_num_stages"": [0], ""range_unroll_factors"": [0], ""range_warp_specializes"": [null], ""reduction_loops"": [null]}",ok,13.311999849975109,0.3143432140350342,1
softmax,SO_103,4096x1024,heldout,0,heuristics,0,9075cf58f9bd030f,"{""atomic_indexing"": [], ""block_sizes"": [2], ""indexing"": [""tensor_descriptor"", ""pointer"", ""pointer"", ""tensor_descriptor"", ""pointer"", ""pointer""], ""load_eviction_policies"": [""first"", ""first"", """", """"], ""num_stages"": 5, ""num_warps"": 4, ""pid_type"": ""flat"", ""range_flattens"": [null], ""range_multi_buffers"": [null], ""range_num_stages"": [0], ""range_unroll_factors"": [0], ""range_warp_specializes"": [null], ""reduction_loops"": [null]}",ok,9.216000325977802,0.3049142360687256,1
softmax,SO_103,4096x1024,heldout,0,heuristics,0,737389bd6928bf84,"{""atomic_indexing"": [], ""block_sizes"": [2], ""indexing"": [""pointer"", ""tensor_descriptor"", ""pointer"", ""pointer"", ""pointer"", ""tensor_descriptor""], ""load_eviction_policies"": [""last"", """", ""first"", ""last""], ""num_stages"": 4, ""num_warps"": 4, ""pid_type"": ""flat"", ""range_flattens"": [null], ""range_multi_buffers"": [null], ""range_num_stages"": [0], ""range_unroll_factors"": [0], ""range_warp_specializes"": [null], ""reduction_loops"": [null]}",ok,9.216000325977802,0.29678797721862793,1
softmax,SO_103,4096x1024,heldout,0,heuristics,0,37354fe485337843,"{""atomic_indexing"": [], ""block_sizes"": [2], ""indexing"": [""pointer"", ""tensor_descriptor"", ""pointer"", ""pointer"", ""pointer"", ""pointer""], ""load_eviction_policies"": [""last"", ""last"", ""first"", ""first""], ""num_stages"": 7, ""num_warps"": 4, ""pid_type"": ""flat"", ""range_flattens"": [null], ""range_multi_buffers"": [null], ""range_num_stages"": [0], ""range_unroll_factors"": [0], ""range_warp_specializes"": [null], ""reduction_loops"": [null]}",ok,9.216000325977802,0.276747465133667,1
softmax,SO_103,4096x1024,heldout,0,heuristics,0,5776fd0ad909b2f2,"{""atomic_indexing"": [], ""block_sizes"": [2], ""indexing"": [""tensor_descriptor"", ""tensor_descriptor"", ""tensor_descriptor"", ""pointer"", ""pointer"", ""pointer""], ""load_eviction_policies"": ["""", ""first"", """", ""last""], ""num_stages"": 4, ""num_warps"": 4, ""pid_type"": ""flat"", ""range_flattens"": [null], ""range_multi_buffers"": [null], ""range_num_stages"": [0], ""range_unroll_factors"": [0], ""range_warp_specializes"": [null], ""reduction_loops"": [null]}",ok,9.216000325977802,0.26788806915283203,1
softmax,SO_103,4096x1024,heldout,0,heuristics,0,4fbe96db09effbd2,"{""atomic_indexing"": [], ""block_sizes"": [2], ""indexing"": [""pointer"", ""pointer"", ""tensor_descriptor"", ""tensor_descriptor"", ""pointer"", ""pointer""], ""load_eviction_policies"": ["""", ""last"", ""last"", """"], ""num_stages"": 3, ""num_warps"": 4, ""pid_type"": ""flat"", ""range_flattens"": [null], ""range_multi_buffers"": [null], ""range_num_stages"": [0], ""range_unroll_factors"": [0], ""range_warp_specializes"": [null], ""reduction_loops"": [null]}",ok,9.247999638319016,0.2597074508666992,1
softmax,SO_103,4096x1024,heldout,0,heuristics,0,95e222b5e08b45db,"{""atomic_indexing"": [], ""block_sizes"": [1], ""indexing"": [""pointer"", ""pointer"", ""pointer"", ""pointer"", ""pointer"", ""tensor_descriptor""], ""load_eviction_policies"": ["""", ""last"", """", ""first""], ""num_stages"": 3, ""num_warps"": 4, ""pid_type"": ""flat"", ""range_flattens"": [null], ""range_multi_buffers"": [null], ""range_num_stages"": [0], ""range_unroll_factors"": [0], ""range_warp_specializes"": [null], ""reduction_loops"": [null]}",ok,9.247999638319016,0.25176358222961426,1
softmax,SO_103,4096x1024,heldout,0,heuristics,0,e7669f72e60d9a55,"{""atomic_indexing"": [], ""block_sizes"": [1], ""indexing"": [""tensor_descriptor"", ""pointer"", ""pointer"", ""pointer"", ""tensor_descriptor"", ""pointer""], ""load_eviction_policies"": ["""", ""first"", """", ""last""], ""num_stages"": 2, ""num_warps"": 4, ""pid_type"": ""flat"", ""range_flattens"": [null], ""range_multi_buffers"": [null], ""range_num_stages"": [0], ""range_unroll_factors"": [0], ""range_warp_specializes"": [null], ""reduction_loops"": [null]}",ok,9.247999638319016,0.2427208423614502,1
softmax,SO_103,4096x1024,heldout,0,heuristics,0,e808571f5d538fbe,"{""atomic_indexing"": [], ""block_sizes"": [1], ""indexing"": [""tensor_descriptor"", ""tensor_descriptor"", ""tensor_descriptor"", ""pointer"", ""pointer"", ""pointer""], ""load_eviction_policies"": ["""", ""last"", ""last"", """"], ""num_stages"": 3, ""num_warps"": 4, ""pid_type"": ""flat"", ""range_flattens"": [null], ""range_multi_buffers"": [null], ""range_num_stages"": [0], ""range_unroll_factors"": [0], ""range_warp_specializes"": [null], ""reduction_loops"": [null]}",ok,9.247999638319016,0.22336983680725098,1
softmax,SO_103,4096x1024,heldout,0,heuristics,0,085bea581ac19295,"{""atomic_indexing"": [], ""block_sizes"": [1], ""indexing"": [""pointer"", ""pointer"", ""tensor_descriptor"", ""pointer"", ""pointer"", ""tensor_descriptor""], ""load_eviction_policies"": [""first"", """", """", """"], ""num_stages"": 4, ""num_warps"": 2, ""pid_type"": ""flat"", ""range_flattens"": [null], ""range_multi_buffers"": [null], ""range_num_stages"": [0], ""range_unroll_factors"": [0], ""range_warp_specializes"": [null], ""reduction_loops"": [null]}",ok,9.216000325977802,0.2043473720550537,1
softmax,SO_103,4096x1024,heldout,0,heuristics,0,1267f42f328081fb,"{""atomic_indexing"": [], ""block_sizes"": [1], ""indexing"": [""pointer"", ""tensor_descriptor"", ""pointer"", ""pointer"", ""tensor_descriptor"", ""pointer""], ""load_eviction_policies"": [""last"", ""last"", """", ""last""], ""num_stages"": 1, ""num_warps"": 2, ""pid_type"": ""flat"", ""range_flattens"": [null], ""range_multi_buffers"": [null], ""range_num_stages"": [0], ""range_unroll_factors"": [0], ""range_warp_specializes"": [null], ""reduction_loops"": [null]}",ok,9.216000325977802,0.19597172737121582,1
softmax,SO_103,4096x1024,heldout,0,heuristics,0,08179a1f017a849e,"{""atomic_indexing"": [], ""block_sizes"": [1], ""indexing"": [""pointer"", ""tensor_descriptor"", ""pointer"", ""tensor_descriptor"", ""pointer"", ""pointer""], ""load_eviction_policies"": ["""", ""first"", """", """"], ""num_stages"": 1, ""num_warps"": 2, ""pid_type"": ""flat"", ""range_flattens"": [null], ""range_multi_buffers"": [null], ""range_num_stages"": [0], ""range_unroll_factors"": [0], ""range_warp_specializes"": [null], ""reduction_loops"": [null]}",ok,9.216000325977802,0.18824410438537598,1
softmax,SO_103,4096x1024,heldout,0,heuristics,0,4db99bd1b1fd307f,"{""atomic_indexing"": [], ""block_sizes"": [1], ""indexing"": [""tensor_descriptor"", ""pointer"", ""pointer"", ""pointer"", ""tensor_descriptor"", ""pointer""], ""load_eviction_policies"": [""first"", """", ""last"", ""last""], ""num_stages"": 1, ""num_warps"": 4, ""pid_type"": ""flat"", ""range_flattens"": [null], ""range_multi_buffers"": [null], ""range_num_stages"": [0], ""range_unroll_factors"": [0], ""range_warp_specializes"": [null], ""reduction_loops"": [null]}",ok,9.247999638319016,0.18001747131347656,1
softmax,SO_103,4096x1024,heldout,0,heuristics,0,e9936258141334eb,"{""atomic_indexing"": [], ""block_sizes"": [1], ""indexing"": [""tensor_descriptor"", ""pointer"", ""pointer"", ""pointer"", ""pointer"", ""tensor_descriptor""], ""load_eviction_policies"": [""first"", ""first"", ""last"", ""last""], ""num_stages"": 4, ""num_warps"": 2, ""pid_type"": ""flat"", ""range_flattens"": [null], ""range_multi_buffers"": [null], ""range_num_stages"": [0], ""range_unroll_factors"": [0], ""range_warp_specializes"": [null], ""reduction_loops"": [null]}",ok,9.216000325977802,0.17151594161987305,1
softmax,SO_103,4096x1024,heldout,0,heuristics,0,434f8e224d142a8b,"{""atomic_indexing"": [], ""block_sizes"": [1], ""indexing"": [""tensor_descriptor"", ""tensor_descriptor"", ""tensor_descriptor"", ""tensor_descriptor"", ""tensor_descriptor"", ""pointer""], ""load_eviction_policies"": ["""", ""first"", """", """"], ""num_stages"": 3, ""num_warps"": 4, ""pid_type"": ""flat"", ""range_flattens"": [null], ""range_multi_buffers"": [null], ""range_num_stages"": [0], ""range_unroll_factors"": [0], ""range_warp_specializes"": [null], ""reduction_loops"": [null]}",ok,9.247999638319016,0.16411495208740234,1
softmax,SO_103,4096x1024,heldout,0,heuristics,0,68752d78a5f2f718,"{""atomic_indexing"": [], ""block_sizes"": [1], ""indexing"": [""pointer"", ""tensor_descriptor"", ""tensor_descriptor"", ""tensor_descriptor"", ""pointer"", ""tensor_descriptor""], ""load_eviction_policies"": ["""", """", ""last"", """"], ""num_stages"": 5, ""num_warps"": 4, ""pid_type"": ""flat"", ""range_flattens"": [null], ""range_multi_buffers"": [null], ""range_num_stages"": [0], ""range_unroll_factors"": [0], ""range_warp_specializes"": [null], ""reduction_loops"": [null]}",ok,9.247999638319016,0.15662527084350586,1
softmax,SO_103,4096x1024,heldout,0,heuristics,0,4856eb1714f29c07,"{""atomic_indexing"": [], ""block_sizes"": [1], ""indexing"": [""pointer"", ""pointer"", ""tensor_descriptor"", ""pointer"", ""pointer"", ""pointer""], ""load_eviction_policies"": ["""", ""first"", ""last"", """"], ""num_stages"": 4, ""num_warps"": 4, ""pid_type"": ""flat"", ""range_flattens"": [null], ""range_multi_buffers"": [null], ""range_num_stages"": [0], ""range_unroll_factors"": [0], ""range_warp_specializes"": [null], ""reduction_loops"": [null]}",ok,9.247999638319016,0.14905905723571777,1
softmax,SO_103,4096x1024,heldout,0,heuristics,0,fc018cf22ed54212,"{""atomic_indexing"": [], ""block_sizes"": [1], ""indexing"": [""pointer"", ""pointer"", ""tensor_descriptor"", ""pointer"", ""tensor_descriptor"", ""pointer""], ""load_eviction_policies"": [""first"", """", ""last"", ""last""], ""num_stages"": 5, ""num_warps"": 4, ""pid_type"": ""flat"", ""range_flattens"": [null], ""range_multi_buffers"": [null], ""range_num_stages"": [0], ""range_unroll_factors"": [0], ""range_warp_specializes"": [null], ""reduction_loops"": [null]}",ok,9.247999638319016,0.14171624183654785,1
softmax,SO_103,4096x1024,heldout,0,heuristics,0,c74b29bb5044d66d,"{""atomic_indexing"": [], ""block_sizes"": [1], ""indexing"": [""tensor_descriptor"", ""tensor_descriptor"", ""tensor_descriptor"", ""pointer"", ""pointer"", ""pointer""], ""load_eviction_policies"": ["""", ""first"", ""first"", ""first""], ""num_stages"": 8, ""num_warps"": 1, ""pid_type"": ""flat"", ""range_flattens"": [null], ""range_multi_buffers"": [null], ""range_num_stages"": [0], ""range_unroll_factors"": [0], ""range_warp_specializes"": [null], ""reduction_loops"": [null]}",ok,9.216000325977802,0.1316993236541748,1
softmax,SO_103,4096x1024,heldout,0,heuristics,0,4708becdd7c177b9,"{""atomic_indexing"": [], ""block_sizes"": [1], ""indexing"": [""tensor_descriptor"", ""pointer"", ""pointer"", ""pointer"", ""tensor_descriptor"", ""pointer""], ""load_eviction_policies"": ["""", ""last"", ""first"", """"], ""num_stages"": 4, ""num_warps"": 1, ""pid_type"": ""flat"", ""range_flattens"": [null], ""range_multi_buffers"": [null], ""range_num_stages"": [0], ""range_unroll_factors"": [0], ""range_warp_specializes"": [null], ""reduction_loops"": [null]}",ok,9.216000325977802,0.1238865852355957,1
softmax,SO_103,4096x1024,heldout,0,heuristics,0,99c5aebdeea9e7c6,"{""atomic_indexing"": [], ""block_sizes"": [1], ""indexing"": [""pointer"", ""pointer"", ""tensor_descriptor"", ""pointer"", ""pointer"", ""tensor_descriptor""], ""load_eviction_policies"": ["""", ""first"", ""last"", ""first""], ""num_stages"": 6, ""num_warps"": 1, ""pid_type"": ""flat"", ""range_flattens"": [null], ""range_multi_buffers"": [null], ""range_num_stages"": [0], ""range_unroll_factors"": [0], ""range_warp_specializes"": [null], ""reduction_loops"": [null]}",ok,9.216000325977802,0.10413026809692383,1
softmax,SO_103,4096x1024,heldout,0,heuristics,0,5fda1aeabce14faf,"{""atomic_indexing"": [], ""block_sizes"": [1], ""indexing"": [""tensor_descriptor"", ""pointer"", ""pointer"", ""pointer"", ""pointer"", ""tensor_descriptor""], ""load_eviction_policies"": [""first"", ""first"", ""first"", """"], ""num_stages"": 5, ""num_warps"": 1, ""pid_type"": ""flat"", ""range_flattens"": [null], ""range_multi_buffers"": [null], ""range_num_stages"": [0], ""range_unroll_factors"": [0], ""range_warp_specializes"": [null], ""reduction_loops"": [null]}",ok,9.216000325977802,0.09507870674133301,1
softmax,SO_103,4096x1024,heldout,0,heuristics,0,ecba085562a0f716,"{""atomic_indexing"": [], ""block_sizes"": [1], ""indexing"": [""pointer"", ""pointer"", ""tensor_descriptor"", ""pointer"", ""tensor_descriptor"", ""tensor_descriptor""], ""load_eviction_policies"": ["""", ""last"", ""first"", """"], ""num_stages"": 5, ""num_warps"": 4, ""pid_type"": ""flat"", ""range_flattens"": [null], ""range_multi_buffers"": [null], ""range_num_stages"": [0], ""range_unroll_factors"": [0], ""range_warp_specializes"": [null], ""reduction_loops"": [null]}",ok,9.247999638319016,0.07586908340454102,1
softmax,SO_103,4096x1024,heldout,0,heuristics,0,73ee7ebfcd167c3e,"{""atomic_indexing"": [], ""block_sizes"": [1], ""indexing"": [""pointer"", ""pointer"", ""tensor_descriptor"", ""tensor_descriptor"", ""tensor_descriptor"", ""tensor_descriptor""], ""load_eviction_policies"": [""last"", """", """", ""first""], ""num_stages"": 1, ""num_warps"": 4, ""pid_type"": ""flat"", ""range_flattens"": [null], ""range_multi_buffers"": [null], ""range_num_stages"": [0], ""range_unroll_factors"": [0], ""range_warp_specializes"": [null], ""reduction_loops"": [null]}",ok,9.247999638319016,0.05704617500305176,1
softmax,SO_103,4096x1024,heldout,0,heuristics,0,6fa900742bf7cad2,"{""atomic_indexing"": [], ""block_sizes"": [1], ""indexing"": [""pointer"", ""tensor_descriptor"", ""pointer"", ""pointer"", ""pointer"", ""pointer""], ""load_eviction_policies"": ["""", ""first"", """", ""last""], ""num_stages"": 2, ""num_warps"": 2, ""pid_type"": ""flat"", ""range_flattens"": [null], ""range_multi_buffers"": [null], ""range_num_stages"": [0], ""range_unroll_factors"": [0], ""range_warp_specializes"": [null], ""reduction_loops"": [null]}",ok,9.216000325977802,0.048250675201416016,1
softmax,SO_103,4096x1024,heldout,0,heuristics,0,4c8d5c71e5731ce4,"{""atomic_indexing"": [], ""block_sizes"": [1], ""indexing"": [""pointer"", ""tensor_descriptor"", ""tensor_descriptor"", ""pointer"", ""tensor_descriptor"", ""tensor_descriptor""], ""load_eviction_policies"": [""last"", ""first"", ""last"", """"], ""num_stages"": 4, ""num_warps"": 2, ""pid_type"": ""flat"", ""range_flattens"": [null], ""range_multi_buffers"": [null], ""range_num_stages"": [0], ""range_unroll_factors"": [0], ""range_warp_specializes"": [null], ""reduction_loops"": [null]}",ok,9.216000325977802,0.02890181541442871,1
softmax,SO_103,4096x1024,heldout,0,heuristics,0,8f9244c76278f5d3,"{""atomic_indexing"": [], ""block_sizes"": [1], ""indexing"": [""pointer"", ""pointer"", ""pointer"", ""pointer"", ""pointer"", ""pointer""], ""load_eviction_policies"": ["""", """", """", """"], ""num_stages"": 1, ""num_warps"": 4, ""pid_type"": ""flat"", ""range_flattens"": [null], ""range_multi_buffers"": [null], ""range_num_stages"": [0], ""range_unroll_factors"": [0], ""range_warp_specializes"": [null], ""reduction_loops"": [null]}",ok,9.247999638319016,0.043573617935180664,1
softmax,SO_103,4096x1024,heldout,0,heuristics,0,6d9e39170044cf11,"{""atomic_indexing"": [], ""block_sizes"": [8], ""indexing"": [""pointer"", ""pointer"", ""pointer"", ""pointer"", ""pointer"", ""pointer""], ""load_eviction_policies"": ["""", """", """", """"], ""num_stages"": 1, ""num_warps"": 4, ""pid_type"": ""flat"", ""range_flattens"": [null], ""range_multi_buffers"": [null], ""range_num_stages"": [0], ""range_unroll_factors"": [0], ""range_warp_specializes"": [null], ""reduction_loops"": [null]}",ok,11.296000331640244,0.07197809219360352,0
softmax,SO_103,4096x1024,heldout,0,heuristics,0,a1a2a48616d6c8b8,"{""atomic_indexing"": [], ""block_sizes"": [16], ""indexing"": [""pointer"", ""pointer"", ""pointer"", ""pointer"", ""pointer"", ""pointer""], ""load_eviction_policies"": ["""", """", """", """"], ""num_stages"": 2, ""num_warps"": 8, ""pid_type"": ""flat"", ""range_flattens"": [null], ""range_multi_buffers"": [null], ""range_num_stages"": [0], ""range_unroll_factors"": [0], ""range_warp_specializes"": [null], ""reduction_loops"": [null]}",ok,11.264000087976456,0.053823232650756836,0
softmax,SO_103,4096x1024,heldout,0,heuristics,0,99f1fe04f31b0dd1,"{""atomic_indexing"": [], ""block_sizes"": [32], ""indexing"": [""pointer"", ""pointer"", ""pointer"", ""pointer"", ""pointer"", ""pointer""], ""load_eviction_policies"": ["""", """", """", """"], ""num_sm_multiplier"": 1, ""num_stages"": 3, ""num_warps"": 8, ""pid_type"": ""persistent_blocked"", ""range_flattens"": [null], ""range_multi_buffers"": [null], ""range_num_stages"": [0], ""range_unroll_factors"": [0], ""range_warp_specializes"": [null], ""reduction_loops"": [null]}",ok,13.151999562978745,0.0375676155090332,0
softmax,SO_103,4096x1024,heldout,0,heuristics,0,e4502c35120c71a9,"{""atomic_indexing"": [], ""block_sizes"": [4], ""indexing"": [""tensor_descriptor"", ""tensor_descriptor"", ""tensor_descriptor"", ""tensor_descriptor"", ""tensor_descriptor"", ""tensor_descriptor""], ""load_eviction_policies"": ["""", """", """", """"], ""num_stages"": 2, ""num_warps"": 4, ""pid_type"": ""flat"", ""range_flattens"": [null], ""range_multi_buffers"": [null], ""range_num_stages"": [0], ""range_unroll_factors"": [0], ""range_warp_specializes"": [null], ""reduction_loops"": [null]}",ok,9.279999881982803,0.04741477966308594,0
softmax,SO_103,4096x1024,heldout,0,heuristics,0,9f9b0215056ff07d,"{""atomic_indexing"": [], ""block_sizes"": [64], ""indexing"": [""pointer"", ""pointer"", ""pointer"", ""pointer"", ""pointer"", ""pointer""], ""load_eviction_policies"": ["""", """", """", """"], ""num_sm_multiplier"": 1, ""num_stages"": 3, ""num_warps"": 16, ""pid_type"": ""persistent_interleaved"", ""range_flattens"": [null], ""range_multi_buffers"": [null], ""range_num_stages"": [0], ""range_unroll_factors"": [0], ""range_warp_specializes"": [null], ""reduction_loops"": [null]}",ok,19.487999379634857,0.6148116588592529,0
softmax,SO_103,4096x1024,heldout,1,heuristics,0,b48181f977e3a773,"{""atomic_indexing"": [], ""block_sizes"": [16], ""indexing"": [""tensor_descriptor"", ""tensor_descriptor"", ""pointer"", ""tensor_descriptor"", ""tensor_descriptor"", ""tensor_descriptor""], ""load_eviction_policies"": [""last"", ""first"", """", ""last""], ""num_stages"": 3, ""num_warps"": 16, ""pid_type"": ""flat"", ""range_flattens"": [null], ""range_multi_buffers"": [null], ""range_num_stages"": [0], ""range_unroll_factors"": [0], ""range_warp_specializes"": [null], ""reduction_loops"": [null]}",ok,15.168000012636185,0.49854230880737305,1
softmax,SO_103,4096x1024,heldout,1,heuristics,0,2eaa47515491baec,"{""atomic_indexing"": [], ""block_sizes"": [4], ""indexing"": [""pointer"", ""tensor_descriptor"", ""tensor_descriptor"", ""tensor_descriptor"", ""pointer"", ""tensor_descriptor""], ""load_eviction_policies"": ["""", """", """", ""last""], ""num_stages"": 7, ""num_warps"": 4, ""pid_type"": ""flat"", ""range_flattens"": [null], ""range_multi_buffers"": [null], ""range_num_stages"": [0], ""range_unroll_factors"": [0], ""range_warp_specializes"": [null], ""reduction_loops"": [null]}",ok,9.279999881982803,0.48134350776672363,1
softmax,SO_103,4096x1024,heldout,1,heuristics,0,f5217d8ba28efb96,"{""atomic_indexing"": [], ""block_sizes"": [16], ""indexing"": [""pointer"", ""pointer"", ""pointer"", ""tensor_descriptor"", ""pointer"", ""pointer""], ""load_eviction_policies"": [""first"", """", ""last"", ""last""], ""num_stages"": 4, ""num_warps"": 16, ""pid_type"": ""flat"", ""range_flattens"": [null], ""range_multi_buffers"": [null], ""range_num_stages"": [0], ""range_unroll_factors"": [0], ""range_warp_specializes"": [null], ""reduction_loops"": [null]}",ok,11.296000331640244,0.46609044075012207,1
softmax,SO_103,4096x1024,heldout,1,heuristics,0,2762deffa84c958d,"{""atomic_indexing"": [], ""block_sizes"": [16], ""indexing"": [""tensor_descriptor"", ""pointer"", ""pointer"", ""pointer"", ""pointer"", ""tensor_descriptor""], ""load_eviction_policies"": ["""", ""first"", ""last"", """"], ""num_stages"": 1, ""num_warps"": 16, ""pid_type"": ""flat"", ""range_flattens"": [null], ""range_multi_buffers"": [null], ""range_num_stages"": [0], ""range_unroll_factors"": [0], ""range_warp_specializes"": [null], ""reduction_loops"": [null]}",ok,13.311999849975109,0.4469316005706787,1
softmax,SO_103,4096x1024,heldout,1,heuristics,0,9075cf58f9bd030f,"{""atomic_indexing"": [], ""block_sizes"": [2], ""indexing"": [""tensor_descriptor"", ""pointer"", ""pointer"", ""tensor_descriptor"", ""pointer"", ""pointer""], ""load_eviction_policies"": [""first"", ""first"", """", """"], ""num_stages"": 5, ""num_warps"": 4, ""pid_type"": ""flat"", ""range_flattens"": [null], ""range_multi_buffers"": [null], ""range_num_stages"": [0], ""range_unroll_factors"": [0], ""range_warp_specializes"": [null], ""reduction_loops"": [null]}",ok,9.216000325977802,0.43645644187927246,1
softmax,SO_103,4096x1024,heldout,1,heuristics,0,737389bd6928bf84,"{""atomic_indexing"": [], ""block_sizes"": [2], ""indexing"": [""pointer"", ""tensor_descriptor"", ""pointer"", ""pointer"", ""pointer"", ""tensor_descriptor""], ""load_eviction_policies"": [""last"", """", ""first"", ""last""], ""num_stages"": 4, ""num_warps"": 4, ""pid_type"": ""flat"", ""range_flattens"": [null], ""range_multi_buffers"": [null], ""range_num_stages"": [0], ""range_unroll_factors"": [0], ""range_warp_specializes"": [null], ""reduction_loops"": [null]}",ok,9.231999982148409,0.41556811332702637,1
softmax,SO_103,4096x1024,heldout,1,heuristics,0,37354fe485337843,"{""atomic_indexing"": [], ""block_sizes"": [2], ""indexing"": [""pointer"", ""tensor_descriptor"", ""pointer"", ""pointer"", ""pointer"", ""pointer""], ""load_eviction_policies"": [""last"", ""last"", ""first"", ""first""], ""num_stages"": 7, ""num_warps"": 4, ""pid_type"": ""flat"", ""range_flattens"": [null], ""range_multi_buffers"": [null], ""range_num_stages"": [0], ""range_unroll_factors"": [0], ""range_warp_specializes"": [null], ""reduction_loops"": [null]}",ok,9.216000325977802,0.39641499519348145,1
softmax,SO_103,4096x1024,heldout,1,heuristics,0,5776fd0ad909b2f2,"{""atomic_indexing"": [], ""block_sizes"": [2], ""indexing"": [""tensor_descriptor"", ""tensor_descriptor"", ""tensor_descriptor"", ""pointer"", ""pointer"", ""pointer""], ""load_eviction_policies"": ["""", ""first"", """", ""last""], ""num_stages"": 4, ""num_warps"": 4, ""pid_type"": ""flat"", ""range_flattens"": [null], ""range_multi_buffers"": [null], ""range_num_stages"": [0], ""range_unroll_factors"": [0], ""range_warp_specializes"": [null], ""reduction_loops"": [null]}",ok,9.216000325977802,0.3852272033691406,1
softmax,SO_103,4096x1024,heldout,1,heuristics,0,4fbe96db09effbd2,"{""atomic_indexing"": [], ""block_sizes"": [2], ""indexing"": [""pointer"", ""pointer"", ""tensor_descriptor"", ""tensor_descriptor"", ""pointer"", ""pointer""], ""load_eviction_policies"": ["""", ""last"", ""last"", """"], ""num_stages"": 3, ""num_warps"": 4, ""pid_type"": ""flat"", ""range_flattens"": [null], ""range_multi_buffers"": [null], ""range_num_stages"": [0], ""range_unroll_factors"": [0], ""range_warp_specializes"": [null], ""reduction_loops"": [null]}",ok,9.216000325977802,0.36537742614746094,1
softmax,SO_103,4096x1024,heldout,1,heuristics,0,95e222b5e08b45db,"{""atomic_indexing"": [], ""block_sizes"": [1], ""indexing"": [""pointer"", ""pointer"", ""pointer"", ""pointer"", ""pointer"", ""tensor_descriptor""], ""load_eviction_policies"": ["""", ""last"", """", ""first""], ""num_stages"": 3, ""num_warps"": 4, ""pid_type"": ""flat"", ""range_flattens"": [null], ""range_multi_buffers"": [null], ""range_num_stages"": [0], ""range_unroll_factors"": [0], ""range_warp_specializes"": [null], ""reduction_loops"": [null]}",ok,9.247999638319016,0.3443129062652588,1
softmax,SO_103,4096x1024,heldout,1,heuristics,0,e7669f72e60d9a55,"{""atomic_indexing"": [], ""block_sizes"": [1], ""indexing"": [""tensor_descriptor"", ""pointer"", ""pointer"", ""pointer"", ""tensor_descriptor"", ""pointer""], ""load_eviction_policies"": ["""", ""first"", """", ""last""], ""num_stages"": 2, ""num_warps"": 4, ""pid_type"": ""flat"", ""range_flattens"": [null], ""range_multi_buffers"": [null], ""range_num_stages"": [0], ""range_unroll_factors"": [0], ""range_warp_specializes"": [null], ""reduction_loops"": [null]}",ok,9.247999638319016,0.3244798183441162,1
softmax,SO_103,4096x1024,heldout,1,heuristics,0,e808571f5d538fbe,"{""atomic_indexing"": [], ""block_sizes"": [1], ""indexing"": [""tensor_descriptor"", ""tensor_descriptor"", ""tensor_descriptor"", ""pointer"", ""pointer"", ""pointer""], ""load_eviction_policies"": ["""", ""last"", ""last"", """"], ""num_stages"": 3, ""num_warps"": 4, ""pid_type"": ""flat"", ""range_flattens"": [null], ""range_multi_buffers"": [null], ""range_num_stages"": [0], ""range_unroll_factors"": [0], ""range_warp_specializes"": [null], ""reduction_loops"": [null]}",ok,9.247999638319016,0.3051795959472656,1
softmax,SO_103,4096x1024,heldout,1,heuristics,0,085bea581ac19295,"{""atomic_indexing"": [], ""block_sizes"": [1], ""indexing"": [""pointer"", ""pointer"", ""tensor_descriptor"", ""pointer"", ""pointer"", ""tensor_descriptor""], ""load_eviction_policies"": [""first"", """", """", """"], ""num_stages"": 4, ""num_warps"": 2, ""pid_type"": ""flat"", ""range_flattens"": [null], ""range_multi_buffers"": [null], ""range_num_stages"": [0], ""range_unroll_factors"": [0], ""range_warp_specializes"": [null], ""reduction_loops"": [null]}",ok,9.247999638319016,0.2923126220703125,1
softmax,SO_103,4096x1024,heldout,1,heuristics,0,1267f42f328081fb,"{""atomic_indexing"": [], ""block_sizes"": [1], ""indexing"": [""pointer"", ""tensor_descriptor"", ""pointer"", ""pointer"", ""tensor_descriptor"", ""pointer""], ""load_eviction_policies"": [""last"", ""last"", """", ""last""], ""num_stages"": 1, ""num_warps"": 2, ""pid_type"": ""flat"", ""range_flattens"": [null], ""range_multi_buffers"": [null], ""range_num_stages"": [0], ""range_unroll_factors"": [0], ""range_warp_specializes"": [null], ""reduction_loops"": [null]}",ok,9.216000325977802,0.2728605270385742,1
softmax,SO_103,4096x1024,heldout,1,heuristics,0,08179a1f017a849e,"{""atomic_indexing"": [], ""block_sizes"": [1], ""indexing"": [""pointer"", ""tensor_descriptor"", ""pointer"", ""tensor_descriptor"", ""pointer"", ""pointer""], ""load_eviction_policies"": ["""", ""first"", """", """"], ""num_stages"": 1, ""num_warps"": 2, ""pid_type"": ""flat"", ""range_flattens"": [null], ""range_multi_buffers"": [null], ""range_num_stages"": [0], ""range_unroll_factors"": [0], ""range_warp_specializes"": [null], ""reduction_loops"": [null]}",ok,9.231999982148409,0.2520430088043213,1
softmax,SO_103,4096x1024,heldout,1,heuristics,0,4db99bd1b1fd307f,"{""atomic_indexing"": [], ""block_sizes"": [1], ""indexing"": [""tensor_descriptor"", ""pointer"", ""pointer"", ""pointer"", ""tensor_descriptor"", ""pointer""], ""load_eviction_policies"": [""first"", """", ""last"", ""last""], ""num_stages"": 1, ""num_warps"": 4, ""pid_type"": ""flat"", ""range_flattens"": [null], ""range_multi_buffers"": [null], ""range_num_stages"": [0], ""range_unroll_factors"": [0], ""range_warp_specializes"": [null], ""reduction_loops"": [null]}",ok,9.247999638319016,0.23982858657836914,1
softmax,SO_103,4096x1024,heldout,1,heuristics,0,e9936258141334eb,"{""atomic_indexing"": [], ""block_sizes"": [1], ""indexing"": [""tensor_descriptor"", ""pointer"", ""pointer"", ""pointer"", ""pointer"", ""tensor_descriptor""], ""load_eviction_policies"": [""first"", ""first"", ""last"", ""last""], ""num_stages"": 4, ""num_warps"": 2, ""pid_type"": ""flat"", ""range_flattens"": [null], ""range_multi_buffers"": [null], ""range_num_stages"": [0], ""range_unroll_factors"": [0], ""range_warp_specializes"": [null], ""reduction_loops"": [null]}",ok,9.216000325977802,0.22057461738586426,1
softmax,SO_103,4096x1024,heldout,1,heuristics,0,434f8e224d142a8b,"{""atomic_indexing"": [], ""block_sizes"": [1], ""indexing"": [""tensor_descriptor"", ""tensor_descriptor"", ""tensor_descriptor"", ""tensor_descriptor"", ""tensor_descriptor"", ""pointer""], ""load_eviction_policies"": ["""", ""first"", """", """"], ""num_stages"": 3, ""num_warps"": 4, ""pid_type"": ""flat"", ""range_flattens"": [null], ""range_multi_buffers"": [null], ""range_num_stages"": [0], ""range_unroll_factors"": [0], ""range_warp_specializes"": [null], ""reduction_loops"": [null]}",ok,9.247999638319016,0.20126032829284668,1
softmax,SO_103,4096x1024,heldout,1,heuristics,0,68752d78a5f2f718,"{""atomic_indexing"": [], ""block_sizes"": [1], ""indexing"": [""pointer"", ""tensor_descriptor"", ""tensor_descriptor"", ""tensor_descriptor"", ""pointer"", ""tensor_descriptor""], ""load_eviction_policies"": ["""", """", ""last"", """"], ""num_stages"": 5, ""num_warps"": 4, ""pid_type"": ""flat"", ""range_flattens"": [null], ""range_multi_buffers"": [null], ""range_num_stages"": [0], ""range_unroll_factors"": [0], ""range_warp_specializes"": [null], ""reduction_loops"": [null]}",ok,9.247999638319016,0.1911013126373291,1
softmax,SO_103,4096x1024,heldout,1,heuristics,0,4856eb1714f29c07,"{""atomic_indexing"": [], ""block_sizes"": [1], ""indexing"": [""pointer"", ""pointer"", ""tensor_descriptor"", ""pointer"", ""pointer"", ""pointer""], ""load_eviction_policies"": ["""", ""first"", ""last"", """"], ""num_stages"": 4, ""num_warps"": 4, ""pid_type"": ""flat"", ""range_flattens"": [null], ""range_multi_buffers"": [null], ""range_num_stages"": [0], ""range_unroll_factors"": [0], ""range_warp_specializes"": [null], ""reduction_loops"": [null]}",ok,9.247999638319016,0.1716444492340088,1
softmax,SO_103,4096x1024,heldout,1,heuristics,0,fc018cf22ed54212,"{""atomic_indexing"": [], ""block_sizes"": [1], ""indexing"": [""pointer"", ""pointer"", ""tensor_descriptor"", ""pointer"", ""tensor_descriptor"", ""pointer""], ""load_eviction_policies"": [""first"", """", ""last"", ""last""], ""num_stages"": 5, ""num_warps"": 4, ""pid_type"": ""flat"", ""range_flattens"": [null], ""range_multi_buffers"": [null], ""range_num_stages"": [0], ""range_unroll_factors"": [0], ""range_warp_specializes"": [null], ""reduction_loops"": [null]}",ok,9.247999638319016,0.16181468963623047,1
softmax,SO_103,4096x1024,heldout,1,heuristics,0,c74b29bb5044d66d,"{""atomic_indexing"": [], ""block_sizes"": [1], ""indexing"": [""tensor_descriptor"", ""tensor_descriptor"", ""tensor_descriptor"", ""pointer"", ""pointer"", ""pointer""], ""load_eviction_policies"": ["""", ""first"", ""first"", ""first""], ""num_stages"": 8, ""num_warps"": 1, ""pid_type"": ""flat"", ""range_flattens"": [null], ""range_multi_buffers"": [null], ""range_num_stages"": [0], ""range_unroll_factors"": [0], ""range_warp_specializes"": [null], ""reduction_loops"": [null]}",ok,9.247999638319016,0.1421642303466797,1
softmax,SO_103,4096x1024,heldout,1,heuristics,0,4708becdd7c177b9,"{""atomic_indexing"": [], ""block_sizes"": [1], ""indexing"": [""tensor_descriptor"", ""pointer"", ""pointer"", ""pointer"", ""tensor_descriptor"", ""pointer""], ""load_eviction_policies"": ["""", ""last"", ""first"", """"], ""num_stages"": 4, ""num_warps"": 1, ""pid_type"": ""flat"", ""range_flattens"": [null], ""range_multi_buffers"": [null], ""range_num_stages"": [0], ""range_unroll_factors"": [0], ""range_warp_specializes"": [null], ""reduction_loops"": [null]}",ok,9.216000325977802,0.13099074363708496,1
softmax,SO_103,4096x1024,heldout,1,heuristics,0,99c5aebdeea9e7c6,"{""atomic_indexing"": [], ""block_sizes"": [1], ""indexing"": [""pointer"", ""pointer"", ""tensor_descriptor"", ""pointer"", ""pointer"", ""tensor_descriptor""], ""load_eviction_policies"": ["""", ""first"", ""last"", ""first""], ""num_stages"": 6, ""num_warps"": 1, ""pid_type"": ""flat"", ""range_flattens"": [null], ""range_multi_buffers"": [null], ""range_num_stages"": [0], ""range_unroll_factors"": [0], ""range_warp_specializes"": [null], ""reduction_loops"": [null]}",ok,9.216000325977802,0.11091303825378418,1
softmax,SO_103,4096x1024,heldout,1,heuristics,0,5fda1aeabce14faf,"{""atomic_indexing"": [], ""block_sizes"": [1], ""indexing"": [""tensor_descriptor"", ""pointer"", ""pointer"", ""pointer"", ""pointer"", ""tensor_descriptor""], ""load_eviction_policies"": [""first"", ""first"", ""first"", """"], ""num_stages"": 5, ""num_warps"": 1, ""pid_type"": ""flat"", ""range_flattens"": [null], ""range_multi_buffers"": [null], ""range_num_stages"": [0], ""range_unroll_factors"": [0], ""range_warp_specializes"": [null], ""reduction_loops"": [null]}",ok,9.216000325977802,0.09166812896728516,1
softmax,SO_103,4096x1024,heldout,1,heuristics,0,ecba085562a0f716,"{""atomic_indexing"": [], ""block_sizes"": [1], ""indexing"": [""pointer"", ""pointer"", ""tensor_descriptor"", ""pointer"", ""tensor_descriptor"", ""tensor_descriptor""], ""load_eviction_policies"": ["""", ""last"", ""first"", """"], ""num_stages"": 5, ""num_warps"": 4, ""pid_type"": ""flat"", ""range_flattens"": [null], ""range_multi_buffers"": [null], ""range_num_stages"": [0], ""range_unroll_factors"": [0], ""range_warp_specializes"": [null], ""reduction_loops"": [null]}",ok,9.247999638319016,0.08095383644104004,1
softmax,SO_103,4096x1024,heldout,1,heuristics,0,73ee7ebfcd167c3e,"{""atomic_indexing"": [], ""block_sizes"": [1], ""indexing"": [""pointer"", ""pointer"", ""tensor_descriptor"", ""tensor_descriptor"", ""tensor_descriptor"", ""tensor_descriptor""], ""load_eviction_policies"": [""last"", """", """", ""first""], ""num_stages"": 1, ""num_warps"": 4, ""pid_type"": ""flat"", ""range_flattens"": [null], ""range_multi_buffers"": [null], ""range_num_stages"": [0], ""range_unroll_factors"": [0], ""range_warp_specializes"": [null], ""reduction_loops"": [null]}",ok,9.247999638319016,0.0618433952331543,1
softmax,SO_103,4096x1024,heldout,1,heuristics,0,6fa900742bf7cad2,"{""atomic_indexing"": [], ""block_sizes"": [1], ""indexing"": [""pointer"", ""tensor_descriptor"", ""pointer"", ""pointer"", ""pointer"", ""pointer""], ""load_eviction_policies"": ["""", ""first"", """", ""last""], ""num_stages"": 2, ""num_warps"": 2, ""pid_type"": ""flat"", ""range_flattens"": [null], ""range_multi_buffers"": [null], ""range_num_stages"": [0], ""range_unroll_factors"": [0], ""range_warp_specializes"": [null], ""reduction_loops"": [null]}",ok,9.216000325977802,0.05139660835266113,1
softmax,SO_103,4096x1024,heldout,1,heuristics,0,4c8d5c71e5731ce4,"{""atomic_indexing"": [], ""block_sizes"": [1], ""indexing"": [""pointer"", ""tensor_descriptor"", ""tensor_descriptor"", ""pointer"", ""tensor_descriptor"", ""tensor_descriptor""], ""load_eviction_policies"": [""last"", ""first"", ""last"", """"], ""num_stages"": 4, ""num_warps"": 2, ""pid_type"": ""flat"", ""range_flattens"": [null], ""range_multi_buffers"": [null], ""range_num_stages"": [0], ""range_unroll_factors"": [0], ""range_warp_specializes"": [null], ""reduction_loops"": [null]}",ok,9.216000325977802,0.03569316864013672,1
softmax,SO_103,4096x1024,heldout,1,heuristics,0,8f9244c76278f5d3,"{""atomic_indexing"": [], ""block_sizes"": [1], ""indexing"": [""pointer"", ""pointer"", ""pointer"", ""pointer"", ""pointer"", ""pointer""], ""load_eviction_policies"": ["""", """", """", """"], ""num_stages"": 1, ""num_warps"": 4, ""pid_type"": ""flat"", ""range_flattens"": [null], ""range_multi_buffers"": [null], ""range_num_stages"": [0], ""range_unroll_factors"": [0], ""range_warp_specializes"": [null], ""reduction_loops"": [null]}",ok,9.247999638319016,0.04629063606262207,1
softmax,SO_103,4096x1024,heldout,1,heuristics,0,6d9e39170044cf11,"{""atomic_indexing"": [], ""block_sizes"": [8], ""indexing"": [""pointer"", ""pointer"", ""pointer"", ""pointer"", ""pointer"", ""pointer""], ""load_eviction_policies"": ["""", """", """", """"], ""num_stages"": 1, ""num_warps"": 4, ""pid_type"": ""flat"", ""range_flattens"": [null], ""range_multi_buffers"": [null], ""range_num_stages"": [0], ""range_unroll_factors"": [0], ""range_warp_specializes"": [null], ""reduction_loops"": [null]}",ok,11.296000331640244,0.07317757606506348,0
softmax,SO_103,4096x1024,heldout,1,heuristics,0,a1a2a48616d6c8b8,"{""atomic_indexing"": [], ""block_sizes"": [16], ""indexing"": [""pointer"", ""pointer"", ""pointer"", ""pointer"", ""pointer"", ""pointer""], ""load_eviction_policies"": ["""", """", """", """"], ""num_stages"": 2, ""num_warps"": 8, ""pid_type"": ""flat"", ""range_flattens"": [null], ""range_multi_buffers"": [null], ""range_num_stages"": [0], ""range_unroll_factors"": [0], ""range_warp_specializes"": [null], ""reduction_loops"": [null]}",ok,11.264000087976456,0.05409812927246094,0
softmax,SO_103,4096x1024,heldout,1,heuristics,0,99f1fe04f31b0dd1,"{""atomic_indexing"": [], ""block_sizes"": [32], ""indexing"": [""pointer"", ""pointer"", ""pointer"", ""pointer"", ""pointer"", ""pointer""], ""load_eviction_policies"": ["""", """", """", """"], ""num_sm_multiplier"": 1, ""num_stages"": 3, ""num_warps"": 8, ""pid_type"": ""persistent_blocked"", ""range_flattens"": [null], ""range_multi_buffers"": [null], ""range_num_stages"": [0], ""range_unroll_factors"": [0], ""range_warp_specializes"": [null], ""reduction_loops"": [null]}",ok,13.183999806642532,0.03652763366699219,0
softmax,SO_103,4096x1024,heldout,1,heuristics,0,5795b7ab83aaef48,"{""atomic_indexing"": [], ""block_sizes"": [4], ""indexing"": [""tensor_descriptor"", ""tensor_descriptor"", ""tensor_descriptor"", ""tensor_descriptor"", ""tensor_descriptor"", ""tensor_descriptor""], ""load_eviction_policies"": ["""", """", """", """"], ""num_stages"": 1, ""num_warps"": 4, ""pid_type"": ""flat"", ""range_flattens"": [null], ""range_multi_buffers"": [null], ""range_num_stages"": [0], ""range_unroll_factors"": [0], ""range_warp_specializes"": [null], ""reduction_loops"": [null]}",ok,9.279999881982803,0.046158790588378906,0
softmax,SO_103,4096x1024,heldout,1,heuristics,0,0892a4e06e956fc3,"{""atomic_indexing"": [], ""block_sizes"": [64], ""indexing"": [""pointer"", ""pointer"", ""pointer"", ""pointer"", ""pointer"", ""pointer""], ""load_eviction_policies"": ["""", """", """", """"], ""num_sm_multiplier"": 1, ""num_stages"": 2, ""num_warps"": 16, ""pid_type"": ""persistent_interleaved"", ""range_flattens"": [null], ""range_multi_buffers"": [null], ""range_num_stages"": [0], ""range_unroll_factors"": [2], ""range_warp_specializes"": [null], ""reduction_loops"": [null]}",ok,19.487999379634857,0.034698486328125,0
softmax,SO_103,4096x1024,heldout,2,heuristics,0,b48181f977e3a773,"{""atomic_indexing"": [], ""block_sizes"": [16], ""indexing"": [""tensor_descriptor"", ""tensor_descriptor"", ""pointer"", ""tensor_descriptor"", ""tensor_descriptor"", ""tensor_descriptor""], ""load_eviction_policies"": [""last"", ""first"", """", ""last""], ""num_stages"": 3, ""num_warps"": 16, ""pid_type"": ""flat"", ""range_flattens"": [null], ""range_multi_buffers"": [null], ""range_num_stages"": [0], ""range_unroll_factors"": [0], ""range_warp_specializes"": [null], ""reduction_loops"": [null]}",ok,14.4640002399683,0.3883697986602783,1
softmax,SO_103,4096x1024,heldout,2,heuristics,0,2eaa47515491baec,"{""atomic_indexing"": [], ""block_sizes"": [4], ""indexing"": [""pointer"", ""tensor_descriptor"", ""tensor_descriptor"", ""tensor_descriptor"", ""pointer"", ""tensor_descriptor""], ""load_eviction_policies"": ["""", """", """", ""last""], ""num_stages"": 7, ""num_warps"": 4, ""pid_type"": ""flat"", ""range_flattens"": [null], ""range_multi_buffers"": [null], ""range_num_stages"": [0], ""range_unroll_factors"": [0], ""range_warp_specializes"": [null], ""reduction_loops"": [null]}",ok,9.279999881982803,0.36798739433288574,1
softmax,SO_103,4096x1024,heldout,2,heuristics,0,f5217d8ba28efb96,"{""atomic_indexing"": [], ""block_sizes"": [16], ""indexing"": [""pointer"", ""pointer"", ""pointer"", ""tensor_descriptor"", ""pointer"", ""pointer""], ""load_eviction_policies"": [""first"", """", ""last"", ""last""], ""num_stages"": 4, ""num_warps"": 16, ""pid_type"": ""flat"", ""range_flattens"": [null], ""range_multi_buffers"": [null], ""range_num_stages"": [0], ""range_unroll_factors"": [0], ""range_warp_specializes"": [null], ""reduction_loops"": [null]}",ok,11.264000087976456,0.35124635696411133,1
softmax,SO_103,4096x1024,heldout,2,heuristics,0,2762deffa84c958d,"{""atomic_indexing"": [], ""block_sizes"": [16], ""indexing"": [""tensor_descriptor"", ""pointer"", ""pointer"", ""pointer"", ""pointer"", ""tensor_descriptor""], ""load_eviction_policies"": ["""", ""first"", ""last"", """"], ""num_stages"": 1, ""num_warps"": 16, ""pid_type"": ""flat"", ""range_flattens"": [null], ""range_multi_buffers"": [null], ""range_num_stages"": [0], ""range_unroll_factors"": [0], ""range_warp_specializes"": [null], ""reduction_loops"": [null]}",ok,13.311999849975109,0.34331846237182617,1
softmax,SO_103,4096x1024,heldout,2,heuristics,0,9075cf58f9bd030f,"{""atomic_indexing"": [], ""block_sizes"": [2], ""indexing"": [""tensor_descriptor"", ""pointer"", ""pointer"", ""tensor_descriptor"", ""pointer"", ""pointer""], ""load_eviction_policies"": [""first"", ""first"", """", """"], ""num_stages"": 5, ""num_warps"": 4, ""pid_type"": ""flat"", ""range_flattens"": [null], ""range_multi_buffers"": [null], ""range_num_stages"": [0], ""range_unroll_factors"": [0], ""range_warp_specializes"": [null], ""reduction_loops"": [null]}",ok,9.216000325977802,0.33533382415771484,1
softmax,SO_103,4096x1024,heldout,2,heuristics,0,737389bd6928bf84,"{""atomic_indexing"": [], ""block_sizes"": [2], ""indexing"": [""pointer"", ""tensor_descriptor"", ""pointer"", ""pointer"", ""pointer"", ""tensor_descriptor""], ""load_eviction_policies"": [""last"", """", ""first"", ""last""], ""num_stages"": 4, ""num_warps"": 4, ""pid_type"": ""flat"", ""range_flattens"": [null], ""range_multi_buffers"": [null], ""range_num_stages"": [0], ""range_unroll_factors"": [0], ""range_warp_specializes"": [null], ""reduction_loops"": [null]}",ok,9.216000325977802,0.3262171745300293,1
softmax,SO_103,4096x1024,heldout,2,heuristics,0,37354fe485337843,"{""atomic_indexing"": [], ""block_sizes"": [2], ""indexing"": [""pointer"", ""tensor_descriptor"", ""pointer"", ""pointer"", ""pointer"", ""pointer""], ""load_eviction_policies"": [""last"", ""last"", ""first"", ""first""], ""num_stages"": 7, ""num_warps"": 4, ""pid_type"": ""flat"", ""range_flattens"": [null], ""range_multi_buffers"": [null], ""range_num_stages"": [0], ""range_unroll_factors"": [0], ""range_warp_specializes"": [null], ""reduction_loops"": [null]}",ok,9.216000325977802,0.3177344799041748,1
softmax,SO_103,4096x1024,heldout,2,heuristics,0,5776fd0ad909b2f2,"{""atomic_indexing"": [], ""block_sizes"": [2], ""indexing"": [""tensor_descriptor"", ""tensor_descriptor"", ""tensor_descriptor"", ""pointer"", ""pointer"", ""pointer""], ""load_eviction_policies"": ["""", ""first"", """", ""last""], ""num_stages"": 4, ""num_warps"": 4, ""pid_type"": ""flat"", ""range_flattens"": [null], ""range_multi_buffers"": [null], ""range_num_stages"": [0], ""range_unroll_factors"": [0], ""range_warp_specializes"": [null], ""reduction_loops"": [null]}",ok,9.216000325977802,0.2972853183746338,1
softmax,SO_103,4096x1024,heldout,2,heuristics,0,4fbe96db09effbd2,"{""atomic_indexing"": [], ""block_sizes"": [2], ""indexing"": [""pointer"", ""pointer"", ""tensor_descriptor"", ""tensor_descriptor"", ""pointer"", ""pointer""], ""load_eviction_policies"": ["""", ""last"", ""last"", """"], ""num_stages"": 3, ""num_warps"": 4, ""pid_type"": ""flat"", ""range_flattens"": [null], ""range_multi_buffers"": [null], ""range_num_stages"": [0], ""range_unroll_factors"": [0], ""range_warp_specializes"": [null], ""reduction_loops"": [null]}",ok,9.216000325977802,0.27737927436828613,1
softmax,SO_103,4096x1024,heldout,2,heuristics,0,95e222b5e08b45db,"{""atomic_indexing"": [], ""block_sizes"": [1], ""indexing"": [""pointer"", ""pointer"", ""pointer"", ""pointer"", ""pointer"", ""tensor_descriptor""], ""load_eviction_policies"": ["""", ""last"", """", ""first""], ""num_stages"": 3, ""num_warps"": 4, ""pid_type"": ""flat"", ""range_flattens"": [null], ""range_multi_buffers"": [null], ""range_num_stages"": [0], ""range_unroll_factors"": [0], ""range_warp_specializes"": [null], ""reduction_loops"": [null]}",ok,9.247999638319016,0.26541876792907715,1
softmax,SO_103,4096x1024,heldout,2,heuristics,0,e7669f72e60d9a55,"{""atomic_indexing"": [], ""block_sizes"": [1], ""indexing"": [""tensor_descriptor"", ""pointer"", ""pointer"", ""pointer"", ""tensor_descriptor"", ""pointer""], ""load_eviction_policies"": ["""", ""first"", """", ""last""], ""num_stages"": 2, ""num_warps"": 4, ""pid_type"": ""flat"", ""range_flattens"": [null], ""range_multi_buffers"": [null], ""range_num_stages"": [0], ""range_unroll_factors"": [0], ""range_warp_specializes"": [null], ""reduction_loops"": [null]}",ok,9.247999638319016,0.2568948268890381,1
softmax,SO_103,4096x1024,heldout,2,heuristics,0,e808571f5d538fbe,"{""atomic_indexing"": [], ""block_sizes"": [1], ""indexing"": [""tensor_descriptor"", ""tensor_descriptor"", ""tensor_descriptor"", ""pointer"", ""pointer"", ""pointer""], ""load_eviction_policies"": ["""", ""last"", ""last"", """"], ""num_stages"": 3, ""num_warps"": 4, ""pid_type"": ""flat"", ""range_flattens"": [null], ""range_multi_buffers"": [null], ""range_num_stages"": [0], ""range_unroll_factors"": [0], ""range_warp_specializes"": [null], ""reduction_loops"": [null]}",ok,9.247999638319016,0.2482442855834961,1
softmax,SO_103,4096x1024,heldout,2,heuristics,0,085bea581ac19295,"{""atomic_indexing"": [], ""block_sizes"": [1], ""indexing"": [""pointer"", ""pointer"", ""tensor_descriptor"", ""pointer"", ""pointer"", ""tensor_descriptor""], ""load_eviction_policies"": [""first"", """", """", """"], ""num_stages"": 4, ""num_warps"": 2, ""pid_type"": ""flat"", ""range_flattens"": [null], ""range_multi_buffers"": [null], ""range_num_stages"": [0], ""range_unroll_factors"": [0], ""range_warp_specializes"": [null], ""reduction_loops"": [null]}",ok,9.216000325977802,0.22858142852783203,1
softmax,SO_103,4096x1024,heldout,2,heuristics,0,1267f42f328081fb,"{""atomic_indexing"": [], ""block_sizes"": [1], ""indexing"": [""pointer"", ""tensor_descriptor"", ""pointer"", ""pointer"", ""tensor_descriptor"", ""pointer""], ""load_eviction_policies"": [""last"", ""last"", """", ""last""], ""num_stages"": 1, ""num_warps"": 2, ""pid_type"": ""flat"", ""range_flattens"": [null], ""range_multi_buffers"": [null], ""range_num_stages"": [0], ""range_unroll_factors"": [0], ""range_warp_specializes"": [null], ""reduction_loops"": [null]}",ok,9.216000325977802,0.21910762786865234,1
softmax,SO_103,4096x1024,heldout,2,heuristics,0,08179a1f017a849e,"{""atomic_indexing"": [], ""block_sizes"": [1], ""indexing"": [""pointer"", ""tensor_descriptor"", ""pointer"", ""tensor_descriptor"", ""pointer"", ""pointer""], ""load_eviction_policies"": ["""", ""first"", """", """"], ""num_stages"": 1, ""num_warps"": 2, ""pid_type"": ""flat"", ""range_flattens"": [null], ""range_multi_buffers"": [null], ""range_num_stages"": [0], ""range_unroll_factors"": [0], ""range_warp_specializes"": [null], ""reduction_loops"": [null]}",ok,9.216000325977802,0.19920134544372559,1
softmax,SO_103,4096x1024,heldout,2,heuristics,0,4db99bd1b1fd307f,"{""atomic_indexing"": [], ""block_sizes"": [1], ""indexing"": [""tensor_descriptor"", ""pointer"", ""pointer"", ""pointer"", ""tensor_descriptor"", ""pointer""], ""load_eviction_policies"": [""first"", """", ""last"", ""last""], ""num_stages"": 1, ""num_warps"": 4, ""pid_type"": ""flat"", ""range_flattens"": [null], ""range_multi_buffers"": [null], ""range_num_stages"": [0], ""range_unroll_factors"": [0], ""range_warp_specializes"": [null], ""reduction_loops"": [null]}",ok,9.247999638319016,0.1891331672668457,1
softmax,SO_103,4096x1024,heldout,2,heuristics,0,e9936258141334eb,"{""atomic_indexing"": [], ""block_sizes"": [1], ""indexing"": [""tensor_descriptor"", ""pointer"", ""pointer"", ""pointer"", ""pointer"", ""tensor_descriptor""], ""load_eviction_policies"": [""first"", ""first"", ""last"", ""last""], ""num_stages"": 4, ""num_warps"": 2, ""pid_type"": ""flat"", ""range_flattens"": [null], ""range_multi_buffers"": [null], ""range_num_stages"": [0], ""range_unroll_factors"": [0], ""range_warp_specializes"": [null], ""reduction_loops"": [null]}",ok,9.216000325977802,0.16924786567687988,1
softmax,SO_103,4096x1024,heldout,2,heuristics,0,434f8e224d142a8b,"{""atomic_indexing"": [], ""block_sizes"": [1], ""indexing"": [""tensor_descriptor"", ""tensor_descriptor"", ""tensor_descriptor"", ""tensor_descriptor"", ""tensor_descriptor"", ""pointer""], ""load_eviction_policies"": ["""", ""first"", """", """"], ""num_stages"": 3, ""num_warps"": 4, ""pid_type"": ""flat"", ""range_flattens"": [null], ""range_multi_buffers"": [null], ""range_num_stages"": [0], ""range_unroll_factors"": [0], ""range_warp_specializes"": [null], ""reduction_loops"": [null]}",ok,9.247999638319016,0.15876436233520508,1
softmax,SO_103,4096x1024,heldout,2,heuristics,0,68752d78a5f2f718,"{""atomic_indexing"": [], ""block_sizes"": [1], ""indexing"": [""pointer"", ""tensor_descriptor"", ""tensor_descriptor"", ""tensor_descriptor"", ""pointer"", ""tensor_descriptor""], ""load_eviction_policies"": ["""", """", ""last"", """"], ""num_stages"": 5, ""num_warps"": 4, ""pid_type"": ""flat"", ""range_flattens"": [null], ""range_multi_buffers"": [null], ""range_num_stages"": [0], ""range_unroll_factors"": [0], ""range_warp_specializes"": [null], ""reduction_loops"": [null]}",ok,9.247999638319016,0.14763259887695312,1
softmax,SO_103,4096x1024,heldout,2,heuristics,0,4856eb1714f29c07,"{""atomic_indexing"": [], ""block_sizes"": [1], ""indexing"": [""pointer"", ""pointer"", ""tensor_descriptor"", ""pointer"", ""pointer"", ""pointer""], ""load_eviction_policies"": ["""", ""first"", ""last"", """"], ""num_stages"": 4, ""num_warps"": 4, ""pid_type"": ""flat"", ""range_flattens"": [null], ""range_multi_buffers"": [null], ""range_num_stages"": [0], ""range_unroll_factors"": [0], ""range_warp_specializes"": [null], ""reduction_loops"": [null]}",ok,9.247999638319016,0.13948822021484375,1
softmax,SO_103,4096x1024,heldout,2,heuristics,0,fc018cf22ed54212,"{""atomic_indexing"": [], ""block_sizes"": [1], ""indexing"": [""pointer"", ""pointer"", ""tensor_descriptor"", ""pointer"", ""tensor_descriptor"", ""pointer""], ""load_eviction_policies"": [""first"", """", ""last"", ""last""], ""num_stages"": 5, ""num_warps"": 4, ""pid_type"": ""flat"", ""range_flattens"": [null], ""range_multi_buffers"": [null], ""range_num_stages"": [0], ""range_unroll_factors"": [0], ""range_warp_specializes"": [null], ""reduction_loops"": [null]}",ok,9.247999638319016,0.12036728858947754,1
softmax,SO_103,4096x1024,heldout,2,heuristics,0,c74b29bb5044d66d,"{""atomic_indexing"": [], ""block_sizes"": [1], ""indexing"": [""tensor_descriptor"", ""tensor_descriptor"", ""tensor_descriptor"", ""pointer"", ""pointer"", ""pointer""], ""load_eviction_policies"": ["""", ""first"", ""first"", ""first""], ""num_stages"": 8, ""num_warps"": 1, ""pid_type"": ""flat"", ""range_flattens"": [null], ""range_multi_buffers"": [null], ""range_num_stages"": [0], ""range_unroll_factors"": [0], ""range_warp_specializes"": [null], ""reduction_loops"": [null]}",ok,9.216000325977802,0.11176848411560059,1
softmax,SO_103,4096x1024,heldout,2,heuristics,0,4708becdd7c177b9,"{""atomic_indexing"": [], ""block_sizes"": [1], ""indexing"": [""tensor_descriptor"", ""pointer"", ""pointer"", ""pointer"", ""tensor_descriptor"", ""pointer""], ""load_eviction_policies"": ["""", ""last"", ""first"", """"], ""num_stages"": 4, ""num_warps"": 1, ""pid_type"": ""flat"", ""range_flattens"": [null], ""range_multi_buffers"": [null], ""range_num_stages"": [0], ""range_unroll_factors"": [0], ""range_warp_specializes"": [null], ""reduction_loops"": [null]}",ok,9.216000325977802,0.09220695495605469,1
softmax,SO_103,4096x1024,heldout,2,heuristics,0,99c5aebdeea9e7c6,"{""atomic_indexing"": [], ""block_sizes"": [1], ""indexing"": [""pointer"", ""pointer"", ""tensor_descriptor"", ""pointer"", ""pointer"", ""tensor_descriptor""], ""load_eviction_policies"": ["""", ""first"", ""last"", ""first""], ""num_stages"": 6, ""num_warps"": 1, ""pid_type"": ""flat"", ""range_flattens"": [null], ""range_multi_buffers"": [null], ""range_num_stages"": [0], ""range_unroll_factors"": [0], ""range_warp_specializes"": [null], ""reduction_loops"": [null]}",ok,9.216000325977802,0.08374905586242676,1
softmax,SO_103,4096x1024,heldout,2,heuristics,0,5fda1aeabce14faf,"{""atomic_indexing"": [], ""block_sizes"": [1], ""indexing"": [""tensor_descriptor"", ""pointer"", ""pointer"", ""pointer"", ""pointer"", ""tensor_descriptor""], ""load_eviction_policies"": [""first"", ""first"", ""first"", """"], ""num_stages"": 5, ""num_warps"": 1, ""pid_type"": ""flat"", ""range_flattens"": [null], ""range_multi_buffers"": [null], ""range_num_stages"": [0], ""range_unroll_factors"": [0], ""range_warp_specializes"": [null], ""reduction_loops"": [null]}",ok,9.216000325977802,0.06381988525390625,1
softmax,SO_103,4096x1024,heldout,2,heuristics,0,ecba085562a0f716,"{""atomic_indexing"": [], ""block_sizes"": [1], ""indexing"": [""pointer"", ""pointer"", ""tensor_descriptor"", ""pointer"", ""tensor_descriptor"", ""tensor_descriptor""], ""load_eviction_policies"": ["""", ""last"", ""first"", """"], ""num_stages"": 5, ""num_warps"": 4, ""pid_type"": ""flat"", ""range_flattens"": [null], ""range_multi_buffers"": [null], ""range_num_stages"": [0], ""range_unroll_factors"": [0], ""range_warp_specializes"": [null], ""reduction_loops"": [null]}",ok,9.247999638319016,0.05490517616271973,1
softmax,SO_103,4096x1024,heldout,2,heuristics,0,73ee7ebfcd167c3e,"{""atomic_indexing"": [], ""block_sizes"": [1], ""indexing"": [""pointer"", ""pointer"", ""tensor_descriptor"", ""tensor_descriptor"", ""tensor_descriptor"", ""tensor_descriptor""], ""load_eviction_policies"": [""last"", """", """", ""first""], ""num_stages"": 1, ""num_warps"": 4, ""pid_type"": ""flat"", ""range_flattens"": [null], ""range_multi_buffers"": [null], ""range_num_stages"": [0], ""range_unroll_factors"": [0], ""range_warp_specializes"": [null], ""reduction_loops"": [null]}",ok,9.247999638319016,0.046852827072143555,1
softmax,SO_103,4096x1024,heldout,2,heuristics,0,6fa900742bf7cad2,"{""atomic_indexing"": [], ""block_sizes"": [1], ""indexing"": [""pointer"", ""tensor_descriptor"", ""pointer"", ""pointer"", ""pointer"", ""pointer""], ""load_eviction_policies"": ["""", ""first"", """", ""last""], ""num_stages"": 2, ""num_warps"": 2, ""pid_type"": ""flat"", ""range_flattens"": [null], ""range_multi_buffers"": [null], ""range_num_stages"": [0], ""range_unroll_factors"": [0], ""range_warp_specializes"": [null], ""reduction_loops"": [null]}",ok,9.216000325977802,0.03860926628112793,1
softmax,SO_103,4096x1024,heldout,2,heuristics,0,4c8d5c71e5731ce4,"{""atomic_indexing"": [], ""block_sizes"": [1], ""indexing"": [""pointer"", ""tensor_descriptor"", ""tensor_descriptor"", ""pointer"", ""tensor_descriptor"", ""tensor_descriptor""], ""load_eviction_policies"": [""last"", ""first"", ""last"", """"], ""num_stages"": 4, ""num_warps"": 2, ""pid_type"": ""flat"", ""range_flattens"": [null], ""range_multi_buffers"": [null], ""range_num_stages"": [0], ""range_unroll_factors"": [0], ""range_warp_specializes"": [null], ""reduction_loops"": [null]}",ok,9.216000325977802,0.030472993850708008,1
softmax,SO_103,4096x1024,heldout,2,heuristics,0,8f9244c76278f5d3,"{""atomic_indexing"": [], ""block_sizes"": [1], ""indexing"": [""pointer"", ""pointer"", ""pointer"", ""pointer"", ""pointer"", ""pointer""], ""load_eviction_policies"": ["""", """", """", """"], ""num_stages"": 1, ""num_warps"": 4, ""pid_type"": ""flat"", ""range_flattens"": [null], ""range_multi_buffers"": [null], ""range_num_stages"": [0], ""range_unroll_factors"": [0], ""range_warp_specializes"": [null], ""reduction_loops"": [null]}",ok,9.247999638319016,0.045865535736083984,1
softmax,SO_103,4096x1024,heldout,2,heuristics,0,0ce0045a1bde48e6,"{""atomic_indexing"": [], ""block_sizes"": [4], ""indexing"": [""pointer"", ""pointer"", ""pointer"", ""pointer"", ""pointer"", ""pointer""], ""load_eviction_policies"": ["""", """", """", """"], ""num_stages"": 1, ""num_warps"": 4, ""pid_type"": ""flat"", ""range_flattens"": [null], ""range_multi_buffers"": [null], ""range_num_stages"": [0], ""range_unroll_factors"": [0], ""range_warp_specializes"": [null], ""reduction_loops"": [null]}",ok,9.279999881982803,0.061367034912109375,0
softmax,SO_103,4096x1024,heldout,2,heuristics,0,736883104fb84b05,"{""atomic_indexing"": [], ""block_sizes"": [8], ""indexing"": [""pointer"", ""pointer"", ""pointer"", ""pointer"", ""pointer"", ""pointer""], ""load_eviction_policies"": ["""", """", """", """"], ""num_stages"": 2, ""num_warps"": 8, ""pid_type"": ""flat"", ""range_flattens"": [null], ""range_multi_buffers"": [null], ""range_num_stages"": [0], ""range_unroll_factors"": [0], ""range_warp_specializes"": [null], ""reduction_loops"": [null]}",ok,11.296000331640244,0.042906999588012695,0
softmax,SO_103,4096x1024,heldout,2,heuristics,0,9a94c48c66d3be6f,"{""atomic_indexing"": [], ""block_sizes"": [16], ""indexing"": [""pointer"", ""pointer"", ""pointer"", ""pointer"", ""pointer"", ""pointer""], ""load_eviction_policies"": ["""", """", """", """"], ""num_sm_multiplier"": 1, ""num_stages"": 3, ""num_warps"": 8, ""pid_type"": ""persistent_blocked"", ""range_flattens"": [null], ""range_multi_buffers"": [null], ""range_num_stages"": [0], ""range_unroll_factors"": [0], ""range_warp_specializes"": [null], ""reduction_loops"": [null]}",ok,13.344000093638897,0.38977622985839844,0
softmax,SO_103,4096x1024,heldout,2,heuristics,0,b85c60976d15238f,"{""atomic_indexing"": [], ""block_sizes"": [2], ""indexing"": [""tensor_descriptor"", ""tensor_descriptor"", ""tensor_descriptor"", ""tensor_descriptor"", ""tensor_descriptor"", ""tensor_descriptor""], ""load_eviction_policies"": ["""", """", """", """"], ""num_stages"": 1, ""num_warps"": 4, ""pid_type"": ""flat"", ""range_flattens"": [null], ""range_multi_buffers"": [null], ""range_num_stages"": [0], ""range_unroll_factors"": [0], ""range_warp_specializes"": [null], ""reduction_loops"": [null]}",ok,9.216000325977802,0.038421630859375,0
softmax,SO_103,4096x1024,heldout,2,heuristics,0,fe3217df48f2aa24,"{""atomic_indexing"": [], ""block_sizes"": [16], ""indexing"": [""pointer"", ""pointer"", ""pointer"", ""pointer"", ""pointer"", ""pointer""], ""load_eviction_policies"": ["""", """", """", """"], ""num_sm_multiplier"": 1, ""num_stages"": 4, ""num_warps"": 16, ""pid_type"": ""persistent_interleaved"", ""range_flattens"": [null], ""range_multi_buffers"": [null], ""range_num_stages"": [0], ""range_unroll_factors"": [2], ""range_warp_specializes"": [null], ""reduction_loops"": [null]}",ok,12.35199999064207,0.47118544578552246,0
softmax,SO_104,2048x3072,heldout,0,heuristics,0,b48181f977e3a773,"{""atomic_indexing"": [], ""block_sizes"": [16], ""indexing"": [""tensor_descriptor"", ""tensor_descriptor"", ""pointer"", ""tensor_descriptor"", ""tensor_descriptor"", ""tensor_descriptor""], ""load_eviction_policies"": [""last"", ""first"", """", ""last""], ""num_stages"": 3, ""num_warps"": 16, ""pid_type"": ""flat"", ""range_flattens"": [null], ""range_multi_buffers"": [null], ""range_num_stages"": [0], ""range_unroll_factors"": [0], ""range_warp_specializes"": [null], ""reduction_loops"": [null]}",ok,23.584000766277313,0.6889362335205078,1
softmax,SO_104,2048x3072,heldout,0,heuristics,0,2eaa47515491baec,"{""atomic_indexing"": [], ""block_sizes"": [4], ""indexing"": [""pointer"", ""tensor_descriptor"", ""tensor_descriptor"", ""tensor_descriptor"", ""pointer"", ""tensor_descriptor""], ""load_eviction_policies"": ["""", """", """", ""last""], ""num_stages"": 7, ""num_warps"": 4, ""pid_type"": ""flat"", ""range_flattens"": [null], ""range_multi_buffers"": [null], ""range_num_stages"": [0], ""range_unroll_factors"": [0], ""range_warp_specializes"": [null], ""reduction_loops"": [null]}",ok,13.344000093638897,0.2859053611755371,1
softmax,SO_104,2048x3072,heldout,0,heuristics,0,f5217d8ba28efb96,"{""atomic_indexing"": [], ""block_sizes"": [16], ""indexing"": [""pointer"", ""pointer"", ""pointer"", ""tensor_descriptor"", ""pointer"", ""pointer""], ""load_eviction_policies"": [""first"", """", ""last"", ""last""], ""num_stages"": 4, ""num_warps"": 16, ""pid_type"": ""flat"", ""range_flattens"": [null], ""range_multi_buffers"": [null], ""range_num_stages"": [0], ""range_unroll_factors"": [0], ""range_warp_specializes"": [null], ""reduction_loops"": [null]}",ok,19.487999379634857,0.637678861618042,1
softmax,SO_104,2048x3072,heldout,0,heuristics,0,2762deffa84c958d,"{""atomic_indexing"": [], ""block_sizes"": [16], ""indexing"": [""tensor_descriptor"", ""pointer"", ""pointer"", ""pointer"", ""pointer"", ""tensor_descriptor""], ""load_eviction_policies"": ["""", ""first"", ""last"", """"], ""num_stages"": 1, ""num_warps"": 16, ""pid_type"": ""flat"", ""range_flattens"": [null], ""range_multi_buffers"": [null], ""range_num_stages"": [0], ""range_unroll_factors"": [0], ""range_warp_specializes"": [null], ""reduction_loops"": [null]}",ok,21.60000056028366,0.2620584964752197,1
softmax,SO_104,2048x3072,heldout,0,heuristics,0,9075cf58f9bd030f,"{""atomic_indexing"": [], ""block_sizes"": [2], ""indexing"": [""tensor_descriptor"", ""pointer"", ""pointer"", ""tensor_descriptor"", ""pointer"", ""pointer""], ""load_eviction_policies"": [""first"", ""first"", """", """"], ""num_stages"": 5, ""num_warps"": 4, ""pid_type"": ""flat"", ""range_flattens"": [null], ""range_multi_buffers"": [null], ""range_num_stages"": [0], ""range_unroll_factors"": [0], ""range_warp_specializes"": [null], ""reduction_loops"": [null]}",ok,13.344000093638897,0.34848523139953613,1
softmax,SO_104,2048x3072,heldout,0,heuristics,0,737389bd6928bf84,"{""atomic_indexing"": [], ""block_sizes"": [2], ""indexing"": [""pointer"", ""tensor_descriptor"", ""pointer"", ""pointer"", ""pointer"", ""tensor_descriptor""], ""load_eviction_policies"": [""last"", """", ""first"", ""last""], ""num_stages"": 4, ""num_warps"": 4, ""pid_type"": ""flat"", ""range_flattens"": [null], ""range_multi_buffers"": [null], ""range_num_stages"": [0], ""range_unroll_factors"": [0], ""range_warp_specializes"": [null], ""reduction_loops"": [null]}",ok,11.296000331640244,0.34450745582580566,1
softmax,SO_104,2048x3072,heldout,0,heuristics,0,37354fe485337843,"{""atomic_indexing"": [], ""block_sizes"": [2], ""indexing"": [""pointer"", ""tensor_descriptor"", ""pointer"", ""pointer"", ""pointer"", ""pointer""], ""load_eviction_policies"": [""last"", ""last"", ""first"", ""first""], ""num_stages"": 7, ""num_warps"": 4, ""pid_type"": ""flat"", ""range_flattens"": [null], ""range_multi_buffers"": [null], ""range_num_stages"": [0], ""range_unroll_factors"": [0], ""range_warp_specializes"": [null], ""reduction_loops"": [null]}",ok,11.296000331640244,0.36249327659606934,1
softmax,SO_104,2048x3072,heldout,0,heuristics,0,5776fd0ad909b2f2,"{""atomic_indexing"": [], ""block_sizes"": [2], ""indexing"": [""tensor_descriptor"", ""tensor_descriptor"", ""tensor_descriptor"", ""pointer"", ""pointer"", ""pointer""], ""load_eviction_policies"": ["""", ""first"", """", ""last""], ""num_stages"": 4, ""num_warps"": 4, ""pid_type"": ""flat"", ""range_flattens"": [null], ""range_multi_buffers"": [null], ""range_num_stages"": [0], ""range_unroll_factors"": [0], ""range_warp_specializes"": [null], ""reduction_loops"": [null]}",ok,11.296000331640244,0.3532874584197998,1
softmax,SO_104,2048x3072,heldout,0,heuristics,0,4fbe96db09effbd2,"{""atomic_indexing"": [], ""block_sizes"": [2], ""indexing"": [""pointer"", ""pointer"", ""tensor_descriptor"", ""tensor_descriptor"", ""pointer"", ""pointer""], ""load_eviction_policies"": ["""", ""last"", ""last"", """"], ""num_stages"": 3, ""num_warps"": 4, ""pid_type"": ""flat"", ""range_flattens"": [null], ""range_multi_buffers"": [null], ""range_num_stages"": [0], ""range_unroll_factors"": [0], ""range_warp_specializes"": [null], ""reduction_loops"": [null]}",ok,11.296000331640244,0.35658788681030273,1
softmax,SO_104,2048x3072,heldout,0,heuristics,0,95e222b5e08b45db,"{""atomic_indexing"": [], ""block_sizes"": [1], ""indexing"": [""pointer"", ""pointer"", ""pointer"", ""pointer"", ""pointer"", ""tensor_descriptor""], ""load_eviction_policies"": ["""", ""last"", """", ""first""], ""num_stages"": 3, ""num_warps"": 4, ""pid_type"": ""flat"", ""range_flattens"": [null], ""range_multi_buffers"": [null], ""range_num_stages"": [0], ""range_unroll_factors"": [0], ""range_warp_specializes"": [null], ""reduction_loops"": [null]}",ok,11.296000331640244,0.2568686008453369,1
softmax,SO_104,2048x3072,heldout,0,heuristics,0,e7669f72e60d9a55,"{""atomic_indexing"": [], ""block_sizes"": [1], ""indexing"": [""tensor_descriptor"", ""pointer"", ""pointer"", ""pointer"", ""tensor_descriptor"", ""pointer""], ""load_eviction_policies"": ["""", ""first"", """", ""last""], ""num_stages"": 2, ""num_warps"": 4, ""pid_type"": ""flat"", ""range_flattens"": [null], ""range_multi_buffers"": [null], ""range_num_stages"": [0], ""range_unroll_factors"": [0], ""range_warp_specializes"": [null], ""reduction_loops"": [null]}",ok,11.264000087976456,0.18090462684631348,1
softmax,SO_104,2048x3072,heldout,0,heuristics,0,e808571f5d538fbe,"{""atomic_indexing"": [], ""block_sizes"": [1], ""indexing"": [""tensor_descriptor"", ""tensor_descriptor"", ""tensor_descriptor"", ""pointer"", ""pointer"", ""pointer""], ""load_eviction_policies"": ["""", ""last"", ""last"", """"], ""num_stages"": 3, ""num_warps"": 4, ""pid_type"": ""flat"", ""range_flattens"": [null], ""range_multi_buffers"": [null], ""range_num_stages"": [0], ""range_unroll_factors"": [0], ""range_warp_specializes"": [null], ""reduction_loops"": [null]}",ok,11.28000020980835,0.25649523735046387,1
softmax,SO_104,2048x3072,heldout,0,heuristics,0,085bea581ac19295,"{""atomic_indexing"": [], ""block_sizes"": [1], ""indexing"": [""pointer"", ""pointer"", ""tensor_descriptor"", ""pointer"", ""pointer"", ""tensor_descriptor""], ""load_eviction_policies"": [""first"", """", """", """"], ""num_stages"": 4, ""num_warps"": 2, ""pid_type"": ""flat"", ""range_flattens"": [null], ""range_multi_buffers"": [null], ""range_num_stages"": [0], ""range_unroll_factors"": [0], ""range_warp_specializes"": [null], ""reduction_loops"": [null]}",ok,11.264000087976456,0.3444101810455322,1
softmax,SO_104,2048x3072,heldout,0,heuristics,0,1267f42f328081fb,"{""atomic_indexing"": [], ""block_sizes"": [1], ""indexing"": [""pointer"", ""tensor_descriptor"", ""pointer"", ""pointer"", ""tensor_descriptor"", ""pointer""], ""load_eviction_policies"": [""last"", ""last"", """", ""last""], ""num_stages"": 1, ""num_warps"": 2, ""pid_type"": ""flat"", ""range_flattens"": [null], ""range_multi_buffers"": [null], ""range_num_stages"": [0], ""range_unroll_factors"": [0], ""range_warp_specializes"": [null], ""reduction_loops"": [null]}",ok,11.264000087976456,0.34007930755615234,1
softmax,SO_104,2048x3072,heldout,0,heuristics,0,08179a1f017a849e,"{""atomic_indexing"": [], ""block_sizes"": [1], ""indexing"": [""pointer"", ""tensor_descriptor"", ""pointer"", ""tensor_descriptor"", ""pointer"", ""pointer""], ""load_eviction_policies"": ["""", ""first"", """", """"], ""num_stages"": 1, ""num_warps"": 2, ""pid_type"": ""flat"", ""range_flattens"": [null], ""range_multi_buffers"": [null], ""range_num_stages"": [0], ""range_unroll_factors"": [0], ""range_warp_specializes"": [null], ""reduction_loops"": [null]}",ok,11.264000087976456,0.33592844009399414,1
softmax,SO_104,2048x3072,heldout,0,heuristics,0,4db99bd1b1fd307f,"{""atomic_indexing"": [], ""block_sizes"": [1], ""indexing"": [""tensor_descriptor"", ""pointer"", ""pointer"", ""pointer"", ""tensor_descriptor"", ""pointer""], ""load_eviction_policies"": [""first"", """", ""last"", ""last""], ""num_stages"": 1, ""num_warps"": 4, ""pid_type"": ""flat"", ""range_flattens"": [null], ""range_multi_buffers"": [null], ""range_num_stages"": [0], ""range_unroll_factors"": [0], ""range_warp_specializes"": [null], ""reduction_loops"": [null]}",ok,11.296000331640244,0.2568514347076416,1
softmax,SO_104,2048x3072,heldout,0,heuristics,0,e9936258141334eb,"{""atomic_indexing"": [], ""block_sizes"": [1], ""indexing"": [""tensor_descriptor"", ""pointer"", ""pointer"", ""pointer"", ""pointer"", ""tensor_descriptor""], ""load_eviction_policies"": [""first"", ""first"", ""last"", ""last""], ""num_stages"": 4, ""num_warps"": 2, ""pid_type"": ""flat"", ""range_flattens"": [null], ""range_multi_buffers"": [null], ""range_num_stages"": [0], ""range_unroll_factors"": [0], ""range_warp_specializes"": [null], ""reduction_loops"": [null]}",ok,11.264000087976456,0.34944748878479004,1
softmax,SO_104,2048x3072,heldout,0,heuristics,0,434f8e224d142a8b,"{""atomic_indexing"": [], ""block_sizes"": [1], ""indexing"": [""tensor_descriptor"", ""tensor_descriptor"", ""tensor_descriptor"", ""tensor_descriptor"", ""tensor_descriptor"", ""pointer""], ""load_eviction_policies"": ["""", ""first"", """", """"], ""num_stages"": 3, ""num_warps"": 4, ""pid_type"": ""flat"", ""range_flattens"": [null], ""range_multi_buffers"": [null], ""range_num_stages"": [0], ""range_unroll_factors"": [0], ""range_warp_specializes"": [null], ""reduction_loops"": [null]}",ok,11.296000331640244,0.2536470890045166,1
softmax,SO_104,2048x3072,heldout,0,heuristics,0,68752d78a5f2f718,"{""atomic_indexing"": [], ""block_sizes"": [1], ""indexing"": [""pointer"", ""tensor_descriptor"", ""tensor_descriptor"", ""tensor_descriptor"", ""pointer"", ""tensor_descriptor""], ""load_eviction_policies"": ["""", """", ""last"", """"], ""num_stages"": 5, ""num_warps"": 4, ""pid_type"": ""flat"", ""range_flattens"": [null], ""range_multi_buffers"": [null], ""range_num_stages"": [0], ""range_unroll_factors"": [0], ""range_warp_specializes"": [null], ""reduction_loops"": [null]}",ok,11.264000087976456,0.25687575340270996,1
softmax,SO_104,2048x3072,heldout,0,heuristics,0,4856eb1714f29c07,"{""atomic_indexing"": [], ""block_sizes"": [1], ""indexing"": [""pointer"", ""pointer"", ""tensor_descriptor"", ""pointer"", ""pointer"", ""pointer""], ""load_eviction_policies"": ["""", ""first"", ""last"", """"], ""num_stages"": 4, ""num_warps"": 4, ""pid_type"": ""flat"", ""range_flattens"": [null], ""range_multi_buffers"": [null], ""range_num_stages"": [0], ""range_unroll_factors"": [0], ""range_warp_specializes"": [null], ""reduction_loops"": [null]}",ok,11.264000087976456,0.2839829921722412,1
softmax,SO_104,2048x3072,heldout,0,heuristics,0,fc018cf22ed54212,"{""atomic_indexing"": [], ""block_sizes"": [1], ""indexing"": [""pointer"", ""pointer"", ""tensor_descriptor"", ""pointer"", ""tensor_descriptor"", ""pointer""], ""load_eviction_policies"": [""first"", """", ""last"", ""last""], ""num_stages"": 5, ""num_warps"": 4, ""pid_type"": ""flat"", ""range_flattens"": [null], ""range_multi_buffers"": [null], ""range_num_stages"": [0], ""range_unroll_factors"": [0], ""range_warp_specializes"": [null], ""reduction_loops"": [null]}",ok,11.264000087976456,0.2501492500305176,1
softmax,SO_104,2048x3072,heldout,0,heuristics,0,c74b29bb5044d66d,"{""atomic_indexing"": [], ""block_sizes"": [1], ""indexing"": [""tensor_descriptor"", ""tensor_descriptor"", ""tensor_descriptor"", ""pointer"", ""pointer"", ""pointer""], ""load_eviction_policies"": ["""", ""first"", ""first"", ""first""], ""num_stages"": 8, ""num_warps"": 1, ""pid_type"": ""flat"", ""range_flattens"": [null], ""range_multi_buffers"": [null], ""range_num_stages"": [0], ""range_unroll_factors"": [0], ""range_warp_specializes"": [null], ""reduction_loops"": [null]}",ok,13.344000093638897,0.5206451416015625,1
softmax,SO_104,2048x3072,heldout,0,heuristics,0,4708becdd7c177b9,"{""atomic_indexing"": [], ""block_sizes"": [1], ""indexing"": [""tensor_descriptor"", ""pointer"", ""pointer"", ""pointer"", ""tensor_descriptor"", ""pointer""], ""load_eviction_policies"": ["""", ""last"", ""first"", """"], ""num_stages"": 4, ""num_warps"": 1, ""pid_type"": ""flat"", ""range_flattens"": [null], ""range_multi_buffers"": [null], ""range_num_stages"": [0], ""range_unroll_factors"": [0], ""range_warp_specializes"": [null], ""reduction_loops"": [null]}",ok,13.344000093638897,0.5287930965423584,1
softmax,SO_104,2048x3072,heldout,0,heuristics,0,99c5aebdeea9e7c6,"{""atomic_indexing"": [], ""block_sizes"": [1], ""indexing"": [""pointer"", ""pointer"", ""tensor_descriptor"", ""pointer"", ""pointer"", ""tensor_descriptor""], ""load_eviction_policies"": ["""", ""first"", ""last"", ""first""], ""num_stages"": 6, ""num_warps"": 1, ""pid_type"": ""flat"", ""range_flattens"": [null], ""range_multi_buffers"": [null], ""range_num_stages"": [0], ""range_unroll_factors"": [0], ""range_warp_specializes"": [null], ""reduction_loops"": [null]}",ok,13.344000093638897,0.5240776538848877,1
softmax,SO_104,2048x3072,heldout,0,heuristics,0,5fda1aeabce14faf,"{""atomic_indexing"": [], ""block_sizes"": [1], ""indexing"": [""tensor_descriptor"", ""pointer"", ""pointer"", ""pointer"", ""pointer"", ""tensor_descriptor""], ""load_eviction_policies"": [""first"", ""first"", ""first"", """"], ""num_stages"": 5, ""num_warps"": 1, ""pid_type"": ""flat"", ""range_flattens"": [null], ""range_multi_buffers"": [null], ""range_num_stages"": [0], ""range_unroll_factors"": [0], ""range_warp_specializes"": [null], ""reduction_loops"": [null]}",ok,13.344000093638897,0.5363621711730957,1
softmax,SO_104,2048x3072,heldout,0,heuristics,0,ecba085562a0f716,"{""atomic_indexing"": [], ""block_sizes"": [1], ""indexing"": [""pointer"", ""pointer"", ""tensor_descriptor"", ""pointer"", ""tensor_descriptor"", ""tensor_descriptor""], ""load_eviction_policies"": ["""", ""last"", ""first"", """"], ""num_stages"": 5, ""num_warps"": 4, ""pid_type"": ""flat"", ""range_flattens"": [null], ""range_multi_buffers"": [null], ""range_num_stages"": [0], ""range_unroll_factors"": [0], ""range_warp_specializes"": [null], ""reduction_loops"": [null]}",ok,11.264000087976456,0.24114251136779785,1
softmax,SO_104,2048x3072,heldout,0,heuristics,0,73ee7ebfcd167c3e,"{""atomic_indexing"": [], ""block_sizes"": [1], ""indexing"": [""pointer"", ""pointer"", ""tensor_descriptor"", ""tensor_descriptor"", ""tensor_descriptor"", ""tensor_descriptor""], ""load_eviction_policies"": [""last"", """", """", ""first""], ""num_stages"": 1, ""num_warps"": 4, ""pid_type"": ""flat"", ""range_flattens"": [null], ""range_multi_buffers"": [null], ""range_num_stages"": [0], ""range_unroll_factors"": [0], ""range_warp_specializes"": [null], ""reduction_loops"": [null]}",ok,11.296000331640244,0.05254936218261719,1
softmax,SO_104,2048x3072,heldout,0,heuristics,0,6fa900742bf7cad2,"{""atomic_indexing"": [], ""block_sizes"": [1], ""indexing"": [""pointer"", ""tensor_descriptor"", ""pointer"", ""pointer"", ""pointer"", ""pointer""], ""load_eviction_policies"": ["""", ""first"", """", ""last""], ""num_stages"": 2, ""num_warps"": 2, ""pid_type"": ""flat"", ""range_flattens"": [null], ""range_multi_buffers"": [null], ""range_num_stages"": [0], ""range_unroll_factors"": [0], ""range_warp_specializes"": [null], ""reduction_loops"": [null]}",ok,11.264000087976456,0.34405088424682617,1
softmax,SO_104,2048x3072,heldout,0,heuristics,0,4c8d5c71e5731ce4,"{""atomic_indexing"": [], ""block_sizes"": [1], ""indexing"": [""pointer"", ""tensor_descriptor"", ""tensor_descriptor"", ""pointer"", ""tensor_descriptor"", ""tensor_descriptor""], ""load_eviction_policies"": [""last"", ""first"", ""last"", """"], ""num_stages"": 4, ""num_warps"": 2, ""pid_type"": ""flat"", ""range_flattens"": [null], ""range_multi_buffers"": [null], ""range_num_stages"": [0], ""range_unroll_factors"": [0], ""range_warp_specializes"": [null], ""reduction_loops"": [null]}",ok,11.264000087976456,0.03962588310241699,1
softmax,SO_104,2048x3072,heldout,0,heuristics,0,8f9244c76278f5d3,"{""atomic_indexing"": [], ""block_sizes"": [1], ""indexing"": [""pointer"", ""pointer"", ""pointer"", ""pointer"", ""pointer"", ""pointer""], ""load_eviction_policies"": ["""", """", """", """"], ""num_stages"": 1, ""num_warps"": 4, ""pid_type"": ""flat"", ""range_flattens"": [null], ""range_multi_buffers"": [null], ""range_num_stages"": [0], ""range_unroll_factors"": [0], ""range_warp_specializes"": [null], ""reduction_loops"": [null]}",ok,11.264000087976456,0.03316068649291992,1
softmax,SO_104,2048x3072,heldout,0,heuristics,0,24722f67bd32b2e3,"{""atomic_indexing"": [], ""block_sizes"": [1], ""indexing"": [""pointer"", ""pointer"", ""pointer"", ""pointer"", ""pointer"", ""pointer""], ""load_eviction_policies"": ["""", """", """", """"], ""num_stages"": 2, ""num_warps"": 8, ""pid_type"": ""flat"", ""range_flattens"": [null], ""range_multi_buffers"": [null], ""range_num_stages"": [0], ""range_unroll_factors"": [0], ""range_warp_specializes"": [null], ""reduction_loops"": [null]}",ok,13.344000093638897,0.06747603416442871,0
softmax,SO_104,2048x3072,heldout,0,heuristics,0,8a28c44bf6c234fc,"{""atomic_indexing"": [], ""block_sizes"": [4], ""indexing"": [""pointer"", ""pointer"", ""pointer"", ""pointer"", ""pointer"", ""pointer""], ""load_eviction_policies"": ["""", """", """", """"], ""num_stages"": 2, ""num_warps"": 8, ""pid_type"": ""flat"", ""range_flattens"": [null], ""range_multi_buffers"": [null], ""range_num_stages"": [0], ""range_unroll_factors"": [0], ""range_warp_specializes"": [null], ""reduction_loops"": [null]}",ok,15.39199985563755,0.04566836357116699,0
softmax,SO_104,2048x3072,heldout,0,heuristics,0,c7596c6029987e1e,"{""atomic_indexing"": [], ""block_sizes"": [8], ""indexing"": [""pointer"", ""pointer"", ""pointer"", ""pointer"", ""pointer"", ""pointer""], ""load_eviction_policies"": ["""", """", """", """"], ""num_stages"": 3, ""num_warps"": 16, ""pid_type"": ""flat"", ""range_flattens"": [null], ""range_multi_buffers"": [null], ""range_num_stages"": [0], ""range_unroll_factors"": [0], ""range_warp_specializes"": [null], ""reduction_loops"": [null]}",ok,15.39199985563755,0.028010129928588867,0
softmax,SO_104,2048x3072,heldout,0,heuristics,0,4ef57e5361d786f5,"{""atomic_indexing"": [], ""block_sizes"": [2], ""indexing"": [""pointer"", ""pointer"", ""pointer"", ""pointer"", ""pointer"", ""pointer""], ""load_eviction_policies"": ["""", """", """", """"], ""num_sm_multiplier"": 1, ""num_stages"": 2, ""num_warps"": 8, ""pid_type"": ""persistent_blocked"", ""range_flattens"": [null], ""range_multi_buffers"": [null], ""range_num_stages"": [0], ""range_unroll_factors"": [0], ""range_warp_specializes"": [null], ""reduction_loops"": [null]}",ok,19.487999379634857,0.04487967491149902,0
softmax,SO_104,2048x3072,heldout,0,heuristics,0,d8026b4a637dd1c9,"{""atomic_indexing"": [], ""block_sizes"": [4], ""indexing"": [""tensor_descriptor"", ""tensor_descriptor"", ""tensor_descriptor"", ""tensor_descriptor"", ""tensor_descriptor"", ""tensor_descriptor""], ""load_eviction_policies"": ["""", """", """", """"], ""num_sm_multiplier"": 1, ""num_stages"": 3, ""num_warps"": 8, ""pid_type"": ""persistent_interleaved"", ""range_flattens"": [null], ""range_multi_buffers"": [null], ""range_num_stages"": [0], ""range_unroll_factors"": [0], ""range_warp_specializes"": [null], ""reduction_loops"": [null]}",ok,17.44000054895878,0.30469369888305664,0
softmax,SO_104,2048x3072,heldout,1,heuristics,0,b48181f977e3a773,"{""atomic_indexing"": [], ""block_sizes"": [16], ""indexing"": [""tensor_descriptor"", ""tensor_descriptor"", ""pointer"", ""tensor_descriptor"", ""tensor_descriptor"", ""tensor_descriptor""], ""load_eviction_policies"": [""last"", ""first"", """", ""last""], ""num_stages"": 3, ""num_warps"": 16, ""pid_type"": ""flat"", ""range_flattens"": [null], ""range_multi_buffers"": [null], ""range_num_stages"": [0], ""range_unroll_factors"": [0], ""range_warp_specializes"": [null], ""reduction_loops"": [null]}",ok,21.695999428629875,0.30025744438171387,1
softmax,SO_104,2048x3072,heldout,1,heuristics,0,2eaa47515491baec,"{""atomic_indexing"": [], ""block_sizes"": [4], ""indexing"": [""pointer"", ""tensor_descriptor"", ""tensor_descriptor"", ""tensor_descriptor"", ""pointer"", ""tensor_descriptor""], ""load_eviction_policies"": ["""", """", """", ""last""], ""num_stages"": 7, ""num_warps"": 4, ""pid_type"": ""flat"", ""range_flattens"": [null], ""range_multi_buffers"": [null], ""range_num_stages"": [0], ""range_unroll_factors"": [0], ""range_warp_specializes"": [null], ""reduction_loops"": [null]}",ok,13.344000093638897,0.28043580055236816,1
softmax,SO_104,2048x3072,heldout,1,heuristics,0,f5217d8ba28efb96,"{""atomic_indexing"": [], ""block_sizes"": [16], ""indexing"": [""pointer"", ""pointer"", ""pointer"", ""tensor_descriptor"", ""pointer"", ""pointer""], ""load_eviction_policies"": [""first"", """", ""last"", ""last""], ""num_stages"": 4, ""num_warps"": 16, ""pid_type"": ""flat"", ""range_flattens"": [null], ""range_multi_buffers"": [null], ""range_num_stages"": [0], ""range_unroll_factors"": [0], ""range_warp_specializes"": [null], ""reduction_loops"": [null]}",ok,19.487999379634857,0.26183152198791504,1
softmax,SO_104,2048x3072,heldout,1,heuristics,0,2762deffa84c958d,"{""atomic_indexing"": [], ""block_sizes"": [16], ""indexing"": [""tensor_descriptor"", ""pointer"", ""pointer"", ""pointer"", ""pointer"", ""tensor_descriptor""], ""load_eviction_policies"": ["""", ""first"", ""last"", """"], ""num_stages"": 1, ""num_warps"": 16, ""pid_type"": ""flat"", ""range_flattens"": [null], ""range_multi_buffers"": [null], ""range_num_stages"": [0], ""range_unroll_factors"": [0], ""range_warp_specializes"": [null], ""reduction_loops"": [null]}",ok,21.536000072956085,0.25269103050231934,1
softmax,SO_104,2048x3072,heldout,1,heuristics,0,9075cf58f9bd030f,"{""atomic_indexing"": [], ""block_sizes"": [2], ""indexing"": [""tensor_descriptor"", ""pointer"", ""pointer"", ""tensor_descriptor"", ""pointer"", ""pointer""], ""load_eviction_policies"": [""first"", ""first"", """", """"], ""num_stages"": 5, ""num_warps"": 4, ""pid_type"": ""flat"", ""range_flattens"": [null], ""range_multi_buffers"": [null], ""range_num_stages"": [0], ""range_unroll_factors"": [0], ""range_warp_specializes"": [null], ""reduction_loops"": [null]}",ok,11.296000331640244,0.24443984031677246,1
softmax,SO_104,2048x3072,heldout,1,heuristics,0,737389bd6928bf84,"{""atomic_indexing"": [], ""block_sizes"": [2], ""indexing"": [""pointer"", ""tensor_descriptor"", ""pointer"", ""pointer"", ""pointer"", ""tensor_descriptor""], ""load_eviction_policies"": [""last"", """", ""first"", ""last""], ""num_stages"": 4, ""num_warps"": 4, ""pid_type"": ""flat"", ""range_flattens"": [null], ""range_multi_buffers"": [null], ""range_num_stages"": [0], ""range_unroll_factors"": [0], ""range_warp_specializes"": [null], ""reduction_loops"": [null]}",ok,11.296000331640244,0.2362227439880371,1
softmax,SO_104,2048x3072,heldout,1,heuristics,0,37354fe485337843,"{""atomic_indexing"": [], ""block_sizes"": [2], ""indexing"": [""pointer"", ""tensor_descriptor"", ""pointer"", ""pointer"", ""pointer"", ""pointer""], ""load_eviction_policies"": [""last"", ""last"", ""first"", ""first""], ""num_stages"": 7, ""num_warps"": 4, ""pid_type"": ""flat"", ""range_flattens"": [null], ""range_multi_buffers"": [null], ""range_num_stages"": [0], ""range_unroll_factors"": [0], ""range_warp_specializes"": [null], ""reduction_loops"": [null]}",ok,11.296000331640244,0.22821044921875,1
softmax,SO_104,2048x3072,heldout,1,heuristics,0,5776fd0ad909b2f2,"{""atomic_indexing"": [], ""block_sizes"": [2], ""indexing"": [""tensor_descriptor"", ""tensor_descriptor"", ""tensor_descriptor"", ""pointer"", ""pointer"", ""pointer""], ""load_eviction_policies"": ["""", ""first"", """", ""last""], ""num_stages"": 4, ""num_warps"": 4, ""pid_type"": ""flat"", ""range_flattens"": [null], ""range_multi_buffers"": [null], ""range_num_stages"": [0], ""range_unroll_factors"": [0], ""range_warp_specializes"": [null], ""reduction_loops"": [null]}",ok,11.296000331640244,0.21993398666381836,1
softmax,SO_104,2048x3072,heldout,1,heuristics,0,4fbe96db09effbd2,"{""atomic_indexing"": [], ""block_sizes"": [2], ""indexing"": [""pointer"", ""pointer"", ""tensor_descriptor"", ""tensor_descriptor"", ""pointer"", ""pointer""], ""load_eviction_policies"": ["""", ""last"", ""last"", """"], ""num_stages"": 3, ""num_warps"": 4, ""pid_type"": ""flat"", ""range_flattens"": [null], ""range_multi_buffers"": [null], ""range_num_stages"": [0], ""range_unroll_factors"": [0], ""range_warp_specializes"": [null], ""reduction_loops"": [null]}",ok,11.296000331640244,0.2120664119720459,1
softmax,SO_104,2048x3072,heldout,1,heuristics,0,95e222b5e08b45db,"{""atomic_indexing"": [], ""block_sizes"": [1], ""indexing"": [""pointer"", ""pointer"", ""pointer"", ""pointer"", ""pointer"", ""tensor_descriptor""], ""load_eviction_policies"": ["""", ""last"", """", ""first""], ""num_stages"": 3, ""num_warps"": 4, ""pid_type"": ""flat"", ""range_flattens"": [null], ""range_multi_buffers"": [null], ""range_num_stages"": [0], ""range_unroll_factors"": [0], ""range_warp_specializes"": [null], ""reduction_loops"": [null]}",ok,11.296000331640244,0.20440030097961426,1
softmax,SO_104,2048x3072,heldout,1,heuristics,0,e7669f72e60d9a55,"{""atomic_indexing"": [], ""block_sizes"": [1], ""indexing"": [""tensor_descriptor"", ""pointer"", ""pointer"", ""pointer"", ""tensor_descriptor"", ""pointer""], ""load_eviction_policies"": ["""", ""first"", """", ""last""], ""num_stages"": 2, ""num_warps"": 4, ""pid_type"": ""flat"", ""range_flattens"": [null], ""range_multi_buffers"": [null], ""range_num_stages"": [0], ""range_unroll_factors"": [0], ""range_warp_specializes"": [null], ""reduction_loops"": [null]}",ok,11.296000331640244,0.19632673263549805,1
softmax,SO_104,2048x3072,heldout,1,heuristics,0,e808571f5d538fbe,"{""atomic_indexing"": [], ""block_sizes"": [1], ""indexing"": [""tensor_descriptor"", ""tensor_descriptor"", ""tensor_descriptor"", ""pointer"", ""pointer"", ""pointer""], ""load_eviction_policies"": ["""", ""last"", ""last"", """"], ""num_stages"": 3, ""num_warps"": 4, ""pid_type"": ""flat"", ""range_flattens"": [null], ""range_multi_buffers"": [null], ""range_num_stages"": [0], ""range_unroll_factors"": [0], ""range_warp_specializes"": [null], ""reduction_loops"": [null]}",ok,11.264000087976456,0.18631982803344727,1
softmax,SO_104,2048x3072,heldout,1,heuristics,0,085bea581ac19295,"{""atomic_indexing"": [], ""block_sizes"": [1], ""indexing"": [""pointer"", ""pointer"", ""tensor_descriptor"", ""pointer"", ""pointer"", ""tensor_descriptor""], ""load_eviction_policies"": [""first"", """", """", """"], ""num_stages"": 4, ""num_warps"": 2, ""pid_type"": ""flat"", ""range_flattens"": [null], ""range_multi_buffers"": [null], ""range_num_stages"": [0], ""range_unroll_factors"": [0], ""range_warp_specializes"": [null], ""reduction_loops"": [null]}",ok,11.296000331640244,0.16445398330688477,1
softmax,SO_104,2048x3072,heldout,1,heuristics,0,1267f42f328081fb,"{""atomic_indexing"": [], ""block_sizes"": [1], ""indexing"": [""pointer"", ""tensor_descriptor"", ""pointer"", ""pointer"", ""tensor_descriptor"", ""pointer""], ""load_eviction_policies"": [""last"", ""last"", """", ""last""], ""num_stages"": 1, ""num_warps"": 2, ""pid_type"": ""flat"", ""range_flattens"": [null], ""range_multi_buffers"": [null], ""range_num_stages"": [0], ""range_unroll_factors"": [0], ""range_warp_specializes"": [null], ""reduction_loops"": [null]}",ok,11.264000087976456,0.1546337604522705,1
softmax,SO_104,2048x3072,heldout,1,heuristics,0,08179a1f017a849e,"{""atomic_indexing"": [], ""block_sizes"": [1], ""indexing"": [""pointer"", ""tensor_descriptor"", ""pointer"", ""tensor_descriptor"", ""pointer"", ""pointer""], ""load_eviction_policies"": ["""", ""first"", """", """"], ""num_stages"": 1, ""num_warps"": 2, ""pid_type"": ""flat"", ""range_flattens"": [null], ""range_multi_buffers"": [null], ""range_num_stages"": [0], ""range_unroll_factors"": [0], ""range_warp_specializes"": [null], ""reduction_loops"": [null]}",ok,11.296000331640244,0.13342523574829102,1
softmax,SO_104,2048x3072,heldout,1,heuristics,0,4db99bd1b1fd307f,"{""atomic_indexing"": [], ""block_sizes"": [1], ""indexing"": [""tensor_descriptor"", ""pointer"", ""pointer"", ""pointer"", ""tensor_descriptor"", ""pointer""], ""load_eviction_policies"": [""first"", """", ""last"", ""last""], ""num_stages"": 1, ""num_warps"": 4, ""pid_type"": ""flat"", ""range_flattens"": [null], ""range_multi_buffers"": [null], ""range_num_stages"": [0], ""range_unroll_factors"": [0], ""range_warp_specializes"": [null], ""reduction_loops"": [null]}",ok,11.296000331640244,0.1238088607788086,1
softmax,SO_104,2048x3072,heldout,1,heuristics,0,e9936258141334eb,"{""atomic_indexing"": [], ""block_sizes"": [1], ""indexing"": [""tensor_descriptor"", ""pointer"", ""pointer"", ""pointer"", ""pointer"", ""tensor_descriptor""], ""load_eviction_policies"": [""first"", ""first"", ""last"", ""last""], ""num_stages"": 4, ""num_warps"": 2, ""pid_type"": ""flat"", ""range_flattens"": [null], ""range_multi_buffers"": [null], ""range_num_stages"": [0], ""range_unroll_factors"": [0], ""range_warp_specializes"": [null], ""reduction_loops"": [null]}",ok,11.264000087976456,0.11515355110168457,1
softmax,SO_104,2048x3072,heldout,1,heuristics,0,434f8e224d142a8b,"{""atomic_indexing"": [], ""block_sizes"": [1], ""indexing"": [""tensor_descriptor"", ""tensor_descriptor"", ""tensor_descriptor"", ""tensor_descriptor"", ""tensor_descriptor"", ""pointer""], ""load_eviction_policies"": ["""", ""first"", """", """"], ""num_stages"": 3, ""num_warps"": 4, ""pid_type"": ""flat"", ""range_flattens"": [null], ""range_multi_buffers"": [null], ""range_num_stages"": [0], ""range_unroll_factors"": [0], ""range_warp_specializes"": [null], ""reduction_loops"": [null]}",ok,11.296000331640244,0.10685539245605469,1
softmax,SO_104,2048x3072,heldout,1,heuristics,0,68752d78a5f2f718,"{""atomic_indexing"": [], ""block_sizes"": [1], ""indexing"": [""pointer"", ""tensor_descriptor"", ""tensor_descriptor"", ""tensor_descriptor"", ""pointer"", ""tensor_descriptor""], ""load_eviction_policies"": ["""", """", ""last"", """"], ""num_stages"": 5, ""num_warps"": 4, ""pid_type"": ""flat"", ""range_flattens"": [null], ""range_multi_buffers"": [null], ""range_num_stages"": [0], ""range_unroll_factors"": [0], ""range_warp_specializes"": [null], ""reduction_loops"": [null]}",ok,11.296000331640244,0.09899282455444336,1
softmax,SO_104,2048x3072,heldout,1,heuristics,0,4856eb1714f29c07,"{""atomic_indexing"": [], ""block_sizes"": [1], ""indexing"": [""pointer"", ""pointer"", ""tensor_descriptor"", ""pointer"", ""pointer"", ""pointer""], ""load_eviction_policies"": ["""", ""first"", ""last"", """"], ""num_stages"": 4, ""num_warps"": 4, ""pid_type"": ""flat"", ""range_flattens"": [null], ""range_multi_buffers"": [null], ""range_num_stages"": [0], ""range_unroll_factors"": [0], ""range_warp_specializes"": [null], ""reduction_loops"": [null]}",ok,11.296000331640244,0.09106612205505371,1
softmax,SO_104,2048x3072,heldout,1,heuristics,0,fc018cf22ed54212,"{""atomic_indexing"": [], ""block_sizes"": [1], ""indexing"": [""pointer"", ""pointer"", ""tensor_descriptor"", ""pointer"", ""tensor_descriptor"", ""pointer""], ""load_eviction_policies"": [""first"", """", ""last"", ""last""], ""num_stages"": 5, ""num_warps"": 4, ""pid_type"": ""flat"", ""range_flattens"": [null], ""range_multi_buffers"": [null], ""range_num_stages"": [0], ""range_unroll_factors"": [0], ""range_warp_specializes"": [null], ""reduction_loops"": [null]}",ok,11.296000331640244,0.08283352851867676,1
softmax,SO_104,2048x3072,heldout,1,heuristics,0,c74b29bb5044d66d,"{""atomic_indexing"": [], ""block_sizes"": [1], ""indexing"": [""tensor_descriptor"", ""tensor_descriptor"", ""tensor_descriptor"", ""pointer"", ""pointer"", ""pointer""], ""load_eviction_policies"": ["""", ""first"", ""first"", ""first""], ""num_stages"": 8, ""num_warps"": 1, ""pid_type"": ""flat"", ""range_flattens"": [null], ""range_multi_buffers"": [null], ""range_num_stages"": [0], ""range_unroll_factors"": [0], ""range_warp_specializes"": [null], ""reduction_loops"": [null]}",ok,13.344000093638897,0.07284212112426758,1
softmax,SO_104,2048x3072,heldout,1,heuristics,0,4708becdd7c177b9,"{""atomic_indexing"": [], ""block_sizes"": [1], ""indexing"": [""tensor_descriptor"", ""pointer"", ""pointer"", ""pointer"", ""tensor_descriptor"", ""pointer""], ""load_eviction_policies"": ["""", ""last"", ""first"", """"], ""num_stages"": 4, ""num_warps"": 1, ""pid_type"": ""flat"", ""range_flattens"": [null], ""range_multi_buffers"": [null], ""range_num_stages"": [0], ""range_unroll_factors"": [0], ""range_warp_specializes"": [null], ""reduction_loops"": [null]}",ok,13.344000093638897,0.06504058837890625,1
softmax,SO_104,2048x3072,heldout,1,heuristics,0,99c5aebdeea9e7c6,"{""atomic_indexing"": [], ""block_sizes"": [1], ""indexing"": [""pointer"", ""pointer"", ""tensor_descriptor"", ""pointer"", ""pointer"", ""tensor_descriptor""], ""load_eviction_policies"": ["""", ""first"", ""last"", ""first""], ""num_stages"": 6, ""num_warps"": 1, ""pid_type"": ""flat"", ""range_flattens"": [null], ""range_multi_buffers"": [null], ""range_num_stages"": [0], ""range_unroll_factors"": [0], ""range_warp_specializes"": [null], ""reduction_loops"": [null]}",ok,13.344000093638897,0.05695486068725586,1
softmax,SO_104,2048x3072,heldout,1,heuristics,0,5fda1aeabce14faf,"{""atomic_indexing"": [], ""block_sizes"": [1], ""indexing"": [""tensor_descriptor"", ""pointer"", ""pointer"", ""pointer"", ""pointer"", ""tensor_descriptor""], ""load_eviction_policies"": [""first"", ""first"", ""first"", """"], ""num_stages"": 5, ""num_warps"": 1, ""pid_type"": ""flat"", ""range_flattens"": [null], ""range_multi_buffers"": [null], ""range_num_stages"": [0], ""range_unroll_factors"": [0], ""range_warp_specializes"": [null], ""reduction_loops"": [null]}",ok,13.344000093638897,0.04917407035827637,1
softmax,SO_104,2048x3072,heldout,1,heuristics,0,ecba085562a0f716,"{""atomic_indexing"": [], ""block_sizes"": [1], ""indexing"": [""pointer"", ""pointer"", ""tensor_descriptor"", ""pointer"", ""tensor_descriptor"", ""tensor_descriptor""], ""load_eviction_policies"": ["""", ""last"", ""first"", """"], ""num_stages"": 5, ""num_warps"": 4, ""pid_type"": ""flat"", ""range_flattens"": [null], ""range_multi_buffers"": [null], ""range_num_stages"": [0], ""range_unroll_factors"": [0], ""range_warp_specializes"": [null], ""reduction_loops"": [null]}",ok,11.296000331640244,0.041387319564819336,1
softmax,SO_104,2048x3072,heldout,1,heuristics,0,73ee7ebfcd167c3e,"{""atomic_indexing"": [], ""block_sizes"": [1], ""indexing"": [""pointer"", ""pointer"", ""tensor_descriptor"", ""tensor_descriptor"", ""tensor_descriptor"", ""tensor_descriptor""], ""load_eviction_policies"": [""last"", """", """", ""first""], ""num_stages"": 1, ""num_warps"": 4, ""pid_type"": ""flat"", ""range_flattens"": [null], ""range_multi_buffers"": [null], ""range_num_stages"": [0], ""range_unroll_factors"": [0], ""range_warp_specializes"": [null], ""reduction_loops"": [null]}",ok,11.296000331640244,0.03340291976928711,1
softmax,SO_104,2048x3072,heldout,1,heuristics,0,6fa900742bf7cad2,"{""atomic_indexing"": [], ""block_sizes"": [1], ""indexing"": [""pointer"", ""tensor_descriptor"", ""pointer"", ""pointer"", ""pointer"", ""pointer""], ""load_eviction_policies"": ["""", ""first"", """", ""last""], ""num_stages"": 2, ""num_warps"": 2, ""pid_type"": ""flat"", ""range_flattens"": [null], ""range_multi_buffers"": [null], ""range_num_stages"": [0], ""range_unroll_factors"": [0], ""range_warp_specializes"": [null], ""reduction_loops"": [null]}",ok,11.264000087976456,0.025658369064331055,1
softmax,SO_104,2048x3072,heldout,1,heuristics,0,4c8d5c71e5731ce4,"{""atomic_indexing"": [], ""block_sizes"": [1], ""indexing"": [""pointer"", ""tensor_descriptor"", ""tensor_descriptor"", ""pointer"", ""tensor_descriptor"", ""tensor_descriptor""], ""load_eviction_policies"": [""last"", ""first"", ""last"", """"], ""num_stages"": 4, ""num_warps"": 2, ""pid_type"": ""flat"", ""range_flattens"": [null], ""range_multi_buffers"": [null], ""range_num_stages"": [0], ""range_unroll_factors"": [0], ""range_warp_specializes"": [null], ""reduction_loops"": [null]}",ok,11.296000331640244,0.02241969108581543,1
softmax,SO_104,2048x3072,heldout,1,heuristics,0,8f9244c76278f5d3,"{""atomic_indexing"": [], ""block_sizes"": [1], ""indexing"": [""pointer"", ""pointer"", ""pointer"", ""pointer"", ""pointer"", ""pointer""], ""load_eviction_policies"": ["""", """", """", """"], ""num_stages"": 1, ""num_warps"": 4, ""pid_type"": ""flat"", ""range_flattens"": [null], ""range_multi_buffers"": [null], ""range_num_stages"": [0], ""range_unroll_factors"": [0], ""range_warp_specializes"": [null], ""reduction_loops"": [null]}",ok,11.296000331640244,0.02277231216430664,1
softmax,SO_104,2048x3072,heldout,1,heuristics,0,94bb9f97306e02cc,"{""atomic_indexing"": [], ""block_sizes"": [1], ""indexing"": [""pointer"", ""pointer"", ""pointer"", ""pointer"", ""pointer"", ""pointer""], ""load_eviction_policies"": ["""", """", """", """"], ""num_stages"": 2, ""num_warps"": 4, ""pid_type"": ""flat"", ""range_flattens"": [null], ""range_multi_buffers"": [null], ""range_num_stages"": [0], ""range_unroll_factors"": [0], ""range_warp_specializes"": [null], ""reduction_loops"": [null]}",ok,11.264000087976456,0.04709291458129883,0
softmax,SO_104,2048x3072,heldout,1,heuristics,0,8a28c44bf6c234fc,"{""atomic_indexing"": [], ""block_sizes"": [4], ""indexing"": [""pointer"", ""pointer"", ""pointer"", ""pointer"", ""pointer"", ""pointer""], ""load_eviction_policies"": ["""", """", """", """"], ""num_stages"": 2, ""num_warps"": 8, ""pid_type"": ""flat"", ""range_flattens"": [null], ""range_multi_buffers"": [null], ""range_num_stages"": [0], ""range_unroll_factors"": [0], ""range_warp_specializes"": [null], ""reduction_loops"": [null]}",ok,15.39199985563755,0.0352177619934082,0
softmax,SO_104,2048x3072,heldout,1,heuristics,0,51af00faa572663e,"{""atomic_indexing"": [], ""block_sizes"": [8], ""indexing"": [""pointer"", ""pointer"", ""pointer"", ""pointer"", ""pointer"", ""pointer""], ""load_eviction_policies"": ["""", """", """", """"], ""num_stages"": 3, ""num_warps"": 8, ""pid_type"": ""flat"", ""range_flattens"": [null], ""range_multi_buffers"": [null], ""range_num_stages"": [0], ""range_unroll_factors"": [0], ""range_warp_specializes"": [null], ""reduction_loops"": [null]}",ok,17.44000054895878,0.025843381881713867,0
softmax,SO_104,2048x3072,heldout,1,heuristics,0,5cacb7e881775391,"{""atomic_indexing"": [], ""block_sizes"": [2], ""indexing"": [""tensor_descriptor"", ""tensor_descriptor"", ""tensor_descriptor"", ""tensor_descriptor"", ""tensor_descriptor"", ""tensor_descriptor""], ""load_eviction_policies"": ["""", """", """", """"], ""num_sm_multiplier"": 1, ""num_stages"": 2, ""num_warps"": 8, ""pid_type"": ""persistent_blocked"", ""range_flattens"": [null], ""range_multi_buffers"": [null], ""range_num_stages"": [0], ""range_unroll_factors"": [0], ""range_warp_specializes"": [null], ""reduction_loops"": [null]}",ok,19.487999379634857,0.023851394653320312,0
softmax,SO_104,2048x3072,heldout,1,heuristics,0,e1e138185ec81072,"{""atomic_indexing"": [], ""block_sizes"": [16], ""indexing"": [""pointer"", ""pointer"", ""pointer"", ""pointer"", ""pointer"", ""pointer""], ""load_eviction_policies"": ["""", """", """", """"], ""num_sm_multiplier"": 1, ""num_stages"": 3, ""num_warps"": 16, ""pid_type"": ""persistent_interleaved"", ""range_flattens"": [null], ""range_multi_buffers"": [null], ""range_num_stages"": [0], ""range_unroll_factors"": [0], ""range_warp_specializes"": [null], ""reduction_loops"": [null]}",ok,17.40800030529499,0.02495098114013672,0
softmax,SO_104,2048x3072,heldout,2,heuristics,0,b48181f977e3a773,"{""atomic_indexing"": [], ""block_sizes"": [16], ""indexing"": [""tensor_descriptor"", ""tensor_descriptor"", ""pointer"", ""tensor_descriptor"", ""tensor_descriptor"", ""tensor_descriptor""], ""load_eviction_policies"": [""last"", ""first"", """", ""last""], ""num_stages"": 3, ""num_warps"": 16, ""pid_type"": ""flat"", ""range_flattens"": [null], ""range_multi_buffers"": [null], ""range_num_stages"": [0], ""range_unroll_factors"": [0], ""range_warp_specializes"": [null], ""reduction_loops"": [null]}",ok,21.63200080394745,0.258542537689209,1
softmax,SO_104,2048x3072,heldout,2,heuristics,0,2eaa47515491baec,"{""atomic_indexing"": [], ""block_sizes"": [4], ""indexing"": [""pointer"", ""tensor_descriptor"", ""tensor_descriptor"", ""tensor_descriptor"", ""pointer"", ""tensor_descriptor""], ""load_eviction_policies"": ["""", """", """", ""last""], ""num_stages"": 7, ""num_warps"": 4, ""pid_type"": ""flat"", ""range_flattens"": [null], ""range_multi_buffers"": [null], ""range_num_stages"": [0], ""range_unroll_factors"": [0], ""range_warp_specializes"": [null], ""reduction_loops"": [null]}",ok,13.344000093638897,0.2500014305114746,1
softmax,SO_104,2048x3072,heldout,2,heuristics,0,f5217d8ba28efb96,"{""atomic_indexing"": [], ""block_sizes"": [16], ""indexing"": [""pointer"", ""pointer"", ""pointer"", ""tensor_descriptor"", ""pointer"", ""pointer""], ""load_eviction_policies"": [""first"", """", ""last"", ""last""], ""num_stages"": 4, ""num_warps"": 16, ""pid_type"": ""flat"", ""range_flattens"": [null], ""range_multi_buffers"": [null], ""range_num_stages"": [0], ""range_unroll_factors"": [0], ""range_warp_specializes"": [null], ""reduction_loops"": [null]}",ok,19.487999379634857,0.24260330200195312,1
softmax,SO_104,2048x3072,heldout,2,heuristics,0,2762deffa84c958d,"{""atomic_indexing"": [], ""block_sizes"": [16], ""indexing"": [""tensor_descriptor"", ""pointer"", ""pointer"", ""pointer"", ""pointer"", ""tensor_descriptor""], ""load_eviction_policies"": ["""", ""first"", ""last"", """"], ""num_stages"": 1, ""num_warps"": 16, ""pid_type"": ""flat"", ""range_flattens"": [null], ""range_multi_buffers"": [null], ""range_num_stages"": [0], ""range_unroll_factors"": [0], ""range_warp_specializes"": [null], ""reduction_loops"": [null]}",ok,21.503999829292297,0.2347273826599121,1
softmax,SO_104,2048x3072,heldout,2,heuristics,0,9075cf58f9bd030f,"{""atomic_indexing"": [], ""block_sizes"": [2], ""indexing"": [""tensor_descriptor"", ""pointer"", ""pointer"", ""tensor_descriptor"", ""pointer"", ""pointer""], ""load_eviction_policies"": [""first"", ""first"", """", """"], ""num_stages"": 5, ""num_warps"": 4, ""pid_type"": ""flat"", ""range_flattens"": [null], ""range_multi_buffers"": [null], ""range_num_stages"": [0], ""range_unroll_factors"": [0], ""range_warp_specializes"": [null], ""reduction_loops"": [null]}",ok,11.296000331640244,0.22646188735961914,1
softmax,SO_104,2048x3072,heldout,2,heuristics,0,737389bd6928bf84,"{""atomic_indexing"": [], ""block_sizes"": [2], ""indexing"": [""pointer"", ""tensor_descriptor"", ""pointer"", ""pointer"", ""pointer"", ""tensor_descriptor""], ""load_eviction_policies"": [""last"", """", ""first"", ""last""], ""num_stages"": 4, ""num_warps"": 4, ""pid_type"": ""flat"", ""range_flattens"": [null], ""range_multi_buffers"": [null], ""range_num_stages"": [0], ""range_unroll_factors"": [0], ""range_warp_specializes"": [null], ""reduction_loops"": [null]}",ok,11.296000331640244,0.21741104125976562,1
softmax,SO_104,2048x3072,heldout,2,heuristics,0,37354fe485337843,"{""atomic_indexing"": [], ""block_sizes"": [2], ""indexing"": [""pointer"", ""tensor_descriptor"", ""pointer"", ""pointer"", ""pointer"", ""pointer""], ""load_eviction_policies"": [""last"", ""last"", ""first"", ""first""], ""num_stages"": 7, ""num_warps"": 4, ""pid_type"": ""flat"", ""range_flattens"": [null], ""range_multi_buffers"": [null], ""range_num_stages"": [0], ""range_unroll_factors"": [0], ""range_warp_specializes"": [null], ""reduction_loops"": [null]}",ok,11.296000331640244,0.20954322814941406,1
softmax,SO_104,2048x3072,heldout,2,heuristics,0,5776fd0ad909b2f2,"{""atomic_indexing"": [], ""block_sizes"": [2], ""indexing"": [""tensor_descriptor"", ""tensor_descriptor"", ""tensor_descriptor"", ""pointer"", ""pointer"", ""pointer""], ""load_eviction_policies"": ["""", ""first"", """", ""last""], ""num_stages"": 4, ""num_warps"": 4, ""pid_type"": ""flat"", ""range_flattens"": [null], ""range_multi_buffers"": [null], ""range_num_stages"": [0], ""range_unroll_factors"": [0], ""range_warp_specializes"": [null], ""reduction_loops"": [null]}",ok,11.296000331640244,0.20097923278808594,1
softmax,SO_104,2048x3072,heldout,2,heuristics,0,4fbe96db09effbd2,"{""atomic_indexing"": [], ""block_sizes"": [2], ""indexing"": [""pointer"", ""pointer"", ""tensor_descriptor"", ""tensor_descriptor"", ""pointer"", ""pointer""], ""load_eviction_policies"": ["""", ""last"", ""last"", """"], ""num_stages"": 3, ""num_warps"": 4, ""pid_type"": ""flat"", ""range_flattens"": [null], ""range_multi_buffers"": [null], ""range_num_stages"": [0], ""range_unroll_factors"": [0], ""range_warp_specializes"": [null], ""reduction_loops"": [null]}",ok,11.296000331640244,0.19301223754882812,1
softmax,SO_104,2048x3072,heldout,2,heuristics,0,95e222b5e08b45db,"{""atomic_indexing"": [], ""block_sizes"": [1], ""indexing"": [""pointer"", ""pointer"", ""pointer"", ""pointer"", ""pointer"", ""tensor_descriptor""], ""load_eviction_policies"": ["""", ""last"", """", ""first""], ""num_stages"": 3, ""num_warps"": 4, ""pid_type"": ""flat"", ""range_flattens"": [null], ""range_multi_buffers"": [null], ""range_num_stages"": [0], ""range_unroll_factors"": [0], ""range_warp_specializes"": [null], ""reduction_loops"": [null]}",ok,11.296000331640244,0.18510913848876953,1
softmax,SO_104,2048x3072,heldout,2,heuristics,0,e7669f72e60d9a55,"{""atomic_indexing"": [], ""block_sizes"": [1], ""indexing"": [""tensor_descriptor"", ""pointer"", ""pointer"", ""pointer"", ""tensor_descriptor"", ""pointer""], ""load_eviction_policies"": ["""", ""first"", """", ""last""], ""num_stages"": 2, ""num_warps"": 4, ""pid_type"": ""flat"", ""range_flattens"": [null], ""range_multi_buffers"": [null], ""range_num_stages"": [0], ""range_unroll_factors"": [0], ""range_warp_specializes"": [null], ""reduction_loops"": [null]}",ok,11.264000087976456,0.1773548126220703,1
softmax,SO_104,2048x3072,heldout,2,heuristics,0,e808571f5d538fbe,"{""atomic_indexing"": [], ""block_sizes"": [1], ""indexing"": [""tensor_descriptor"", ""tensor_descriptor"", ""tensor_descriptor"", ""pointer"", ""pointer"", ""pointer""], ""load_eviction_policies"": ["""", ""last"", ""last"", """"], ""num_stages"": 3, ""num_warps"": 4, ""pid_type"": ""flat"", ""range_flattens"": [null], ""range_multi_buffers"": [null], ""range_num_stages"": [0], ""range_unroll_factors"": [0], ""range_warp_specializes"": [null], ""reduction_loops"": [null]}",ok,11.296000331640244,0.16954421997070312,1
softmax,SO_104,2048x3072,heldout,2,heuristics,0,085bea581ac19295,"{""atomic_indexing"": [], ""block_sizes"": [1], ""indexing"": [""pointer"", ""pointer"", ""tensor_descriptor"", ""pointer"", ""pointer"", ""tensor_descriptor""], ""load_eviction_policies"": [""first"", """", """", """"], ""num_stages"": 4, ""num_warps"": 2, ""pid_type"": ""flat"", ""range_flattens"": [null], ""range_multi_buffers"": [null], ""range_num_stages"": [0], ""range_unroll_factors"": [0], ""range_warp_specializes"": [null], ""reduction_loops"": [null]}",ok,11.264000087976456,0.1616051197052002,1
softmax,SO_104,2048x3072,heldout,2,heuristics,0,1267f42f328081fb,"{""atomic_indexing"": [], ""block_sizes"": [1], ""indexing"": [""pointer"", ""tensor_descriptor"", ""pointer"", ""pointer"", ""tensor_descriptor"", ""pointer""], ""load_eviction_policies"": [""last"", ""last"", """", ""last""], ""num_stages"": 1, ""num_warps"": 2, ""pid_type"": ""flat"", ""range_flattens"": [null], ""range_multi_buffers"": [null], ""range_num_stages"": [0], ""range_unroll_factors"": [0], ""range_warp_specializes"": [null], ""reduction_loops"": [null]}",ok,11.264000087976456,0.15305042266845703,1
softmax,SO_104,2048x3072,heldout,2,heuristics,0,08179a1f017a849e,"{""atomic_indexing"": [], ""block_sizes"": [1], ""indexing"": [""pointer"", ""tensor_descriptor"", ""pointer"", ""tensor_descriptor"", ""pointer"", ""pointer""], ""load_eviction_policies"": ["""", ""first"", """", """"], ""num_stages"": 1, ""num_warps"": 2, ""pid_type"": ""flat"", ""range_flattens"": [null], ""range_multi_buffers"": [null], ""range_num_stages"": [0], ""range_unroll_factors"": [0], ""range_warp_specializes"": [null], ""reduction_loops"": [null]}",ok,11.264000087976456,0.14438724517822266,1
softmax,SO_104,2048x3072,heldout,2,heuristics,0,4db99bd1b1fd307f,"{""atomic_indexing"": [], ""block_sizes"": [1], ""indexing"": [""tensor_descriptor"", ""pointer"", ""pointer"", ""pointer"", ""tensor_descriptor"", ""pointer""], ""load_eviction_policies"": [""first"", """", ""last"", ""last""], ""num_stages"": 1, ""num_warps"": 4, ""pid_type"": ""flat"", ""range_flattens"": [null], ""range_multi_buffers"": [null], ""range_num_stages"": [0], ""range_unroll_factors"": [0], ""range_warp_specializes"": [null], ""reduction_loops"": [null]}",ok,11.296000331640244,0.1299452781677246,1
softmax,SO_104,2048x3072,heldout,2,heuristics,0,e9936258141334eb,"{""atomic_indexing"": [], ""block_sizes"": [1], ""indexing"": [""tensor_descriptor"", ""pointer"", ""pointer"", ""pointer"", ""pointer"", ""tensor_descriptor""], ""load_eviction_policies"": [""first"", ""first"", ""last"", ""last""], ""num_stages"": 4, ""num_warps"": 2, ""pid_type"": ""flat"", ""range_flattens"": [null], ""range_multi_buffers"": [null], ""range_num_stages"": [0], ""range_unroll_factors"": [0], ""range_warp_specializes"": [null], ""reduction_loops"": [null]}",ok,11.264000087976456,0.1178436279296875,1
softmax,SO_104,2048x3072,heldout,2,heuristics,0,434f8e224d142a8b,"{""atomic_indexing"": [], ""block_sizes"": [1], ""indexing"": [""tensor_descriptor"", ""tensor_descriptor"", ""tensor_descriptor"", ""tensor_descriptor"", ""tensor_descriptor"", ""pointer""], ""load_eviction_policies"": ["""", ""first"", """", """"], ""num_stages"": 3, ""num_warps"": 4, ""pid_type"": ""flat"", ""range_flattens"": [null], ""range_multi_buffers"": [null], ""range_num_stages"": [0], ""range_unroll_factors"": [0], ""range_warp_specializes"": [null], ""reduction_loops"": [null]}",ok,11.296000331640244,0.10849952697753906,1
softmax,SO_104,2048x3072,heldout,2,heuristics,0,68752d78a5f2f718,"{""atomic_indexing"": [], ""block_sizes"": [1], ""indexing"": [""pointer"", ""tensor_descriptor"", ""tensor_descriptor"", ""tensor_descriptor"", ""pointer"", ""tensor_descriptor""], ""load_eviction_policies"": ["""", """", ""last"", """"], ""num_stages"": 5, ""num_warps"": 4, ""pid_type"": ""flat"", ""range_flattens"": [null], ""range_multi_buffers"": [null], ""range_num_stages"": [0], ""range_unroll_factors"": [0], ""range_warp_specializes"": [null], ""reduction_loops"": [null]}",ok,11.296000331640244,0.09969830513000488,1
softmax,SO_104,2048x3072,heldout,2,heuristics,0,4856eb1714f29c07,"{""atomic_indexing"": [], ""block_sizes"": [1], ""indexing"": [""pointer"", ""pointer"", ""tensor_descriptor"", ""pointer"", ""pointer"", ""pointer""], ""load_eviction_policies"": ["""", ""first"", ""last"", """"], ""num_stages"": 4, ""num_warps"": 4, ""pid_type"": ""flat"", ""range_flattens"": [null], ""range_multi_buffers"": [null], ""range_num_stages"": [0], ""range_unroll_factors"": [0], ""range_warp_specializes"": [null], ""reduction_loops"": [null]}",ok,11.264000087976456,0.0917046070098877,1
softmax,SO_104,2048x3072,heldout,2,heuristics,0,fc018cf22ed54212,"{""atomic_indexing"": [], ""block_sizes"": [1], ""indexing"": [""pointer"", ""pointer"", ""tensor_descriptor"", ""pointer"", ""tensor_descriptor"", ""pointer""], ""load_eviction_policies"": [""first"", """", ""last"", ""last""], ""num_stages"": 5, ""num_warps"": 4, ""pid_type"": ""flat"", ""range_flattens"": [null], ""range_multi_buffers"": [null], ""range_num_stages"": [0], ""range_unroll_factors"": [0], ""range_warp_specializes"": [null], ""reduction_loops"": [null]}",ok,11.296000331640244,0.08386373519897461,1
softmax,SO_104,2048x3072,heldout,2,heuristics,0,c74b29bb5044d66d,"{""atomic_indexing"": [], ""block_sizes"": [1], ""indexing"": [""tensor_descriptor"", ""tensor_descriptor"", ""tensor_descriptor"", ""pointer"", ""pointer"", ""pointer""], ""load_eviction_policies"": ["""", ""first"", ""first"", ""first""], ""num_stages"": 8, ""num_warps"": 1, ""pid_type"": ""flat"", ""range_flattens"": [null], ""range_multi_buffers"": [null], ""range_num_stages"": [0], ""range_unroll_factors"": [0], ""range_warp_specializes"": [null], ""reduction_loops"": [null]}",ok,13.344000093638897,0.07542967796325684,1
softmax,SO_104,2048x3072,heldout,2,heuristics,0,4708becdd7c177b9,"{""atomic_indexing"": [], ""block_sizes"": [1], ""indexing"": [""tensor_descriptor"", ""pointer"", ""pointer"", ""pointer"", ""tensor_descriptor"", ""pointer""], ""load_eviction_policies"": ["""", ""last"", ""first"", """"], ""num_stages"": 4, ""num_warps"": 1, ""pid_type"": ""flat"", ""range_flattens"": [null], ""range_multi_buffers"": [null], ""range_num_stages"": [0], ""range_unroll_factors"": [0], ""range_warp_specializes"": [null], ""reduction_loops"": [null]}",ok,13.344000093638897,0.0671379566192627,1
softmax,SO_104,2048x3072,heldout,2,heuristics,0,99c5aebdeea9e7c6,"{""atomic_indexing"": [], ""block_sizes"": [1], ""indexing"": [""pointer"", ""pointer"", ""tensor_descriptor"", ""pointer"", ""pointer"", ""tensor_descriptor""], ""load_eviction_policies"": ["""", ""first"", ""last"", ""first""], ""num_stages"": 6, ""num_warps"": 1, ""pid_type"": ""flat"", ""range_flattens"": [null], ""range_multi_buffers"": [null], ""range_num_stages"": [0], ""range_unroll_factors"": [0], ""range_warp_specializes"": [null], ""reduction_loops"": [null]}",ok,13.344000093638897,0.05908989906311035,1
softmax,SO_104,2048x3072,heldout,2,heuristics,0,5fda1aeabce14faf,"{""atomic_indexing"": [], ""block_sizes"": [1], ""indexing"": [""tensor_descriptor"", ""pointer"", ""pointer"", ""pointer"", ""pointer"", ""tensor_descriptor""], ""load_eviction_policies"": [""first"", ""first"", ""first"", """"], ""num_stages"": 5, ""num_warps"": 1, ""pid_type"": ""flat"", ""range_flattens"": [null], ""range_multi_buffers"": [null], ""range_num_stages"": [0], ""range_unroll_factors"": [0], ""range_warp_specializes"": [null], ""reduction_loops"": [null]}",ok,13.344000093638897,0.050667762756347656,1
softmax,SO_104,2048x3072,heldout,2,heuristics,0,ecba085562a0f716,"{""atomic_indexing"": [], ""block_sizes"": [1], ""indexing"": [""pointer"", ""pointer"", ""tensor_descriptor"", ""pointer"", ""tensor_descriptor"", ""tensor_descriptor""], ""load_eviction_policies"": ["""", ""last"", ""first"", """"], ""num_stages"": 5, ""num_warps"": 4, ""pid_type"": ""flat"", ""range_flattens"": [null], ""range_multi_buffers"": [null], ""range_num_stages"": [0], ""range_unroll_factors"": [0], ""range_warp_specializes"": [null], ""reduction_loops"": [null]}",ok,11.296000331640244,0.04284167289733887,1
softmax,SO_104,2048x3072,heldout,2,heuristics,0,73ee7ebfcd167c3e,"{""atomic_indexing"": [], ""block_sizes"": [1], ""indexing"": [""pointer"", ""pointer"", ""tensor_descriptor"", ""tensor_descriptor"", ""tensor_descriptor"", ""tensor_descriptor""], ""load_eviction_policies"": [""last"", """", """", ""first""], ""num_stages"": 1, ""num_warps"": 4, ""pid_type"": ""flat"", ""range_flattens"": [null], ""range_multi_buffers"": [null], ""range_num_stages"": [0], ""range_unroll_factors"": [0], ""range_warp_specializes"": [null], ""reduction_loops"": [null]}",ok,11.264000087976456,0.03445720672607422,1
softmax,SO_104,2048x3072,heldout,2,heuristics,0,6fa900742bf7cad2,"{""atomic_indexing"": [], ""block_sizes"": [1], ""indexing"": [""pointer"", ""tensor_descriptor"", ""pointer"", ""pointer"", ""pointer"", ""pointer""], ""load_eviction_policies"": ["""", ""first"", """", ""last""], ""num_stages"": 2, ""num_warps"": 2, ""pid_type"": ""flat"", ""range_flattens"": [null], ""range_multi_buffers"": [null], ""range_num_stages"": [0], ""range_unroll_factors"": [0], ""range_warp_specializes"": [null], ""reduction_loops"": [null]}",ok,11.296000331640244,0.026308298110961914,1
softmax,SO_104,2048x3072,heldout,2,heuristics,0,4c8d5c71e5731ce4,"{""atomic_indexing"": [], ""block_sizes"": [1], ""indexing"": [""pointer"", ""tensor_descriptor"", ""tensor_descriptor"", ""pointer"", ""tensor_descriptor"", ""tensor_descriptor""], ""load_eviction_policies"": [""last"", ""first"", ""last"", """"], ""num_stages"": 4, ""num_warps"": 2, ""pid_type"": ""flat"", ""range_flattens"": [null], ""range_multi_buffers"": [null], ""range_num_stages"": [0], ""range_unroll_factors"": [0], ""range_warp_specializes"": [null], ""reduction_loops"": [null]}",ok,11.296000331640244,0.022666215896606445,1
softmax,SO_104,2048x3072,heldout,2,heuristics,0,8f9244c76278f5d3,"{""atomic_indexing"": [], ""block_sizes"": [1], ""indexing"": [""pointer"", ""pointer"", ""pointer"", ""pointer"", ""pointer"", ""pointer""], ""load_eviction_policies"": ["""", """", """", """"], ""num_stages"": 1, ""num_warps"": 4, ""pid_type"": ""flat"", ""range_flattens"": [null], ""range_multi_buffers"": [null], ""range_num_stages"": [0], ""range_unroll_factors"": [0], ""range_warp_specializes"": [null], ""reduction_loops"": [null]}",ok,11.264000087976456,0.02290821075439453,1
softmax,SO_104,2048x3072,heldout,2,heuristics,0,8a28c44bf6c234fc,"{""atomic_indexing"": [], ""block_sizes"": [4], ""indexing"": [""pointer"", ""pointer"", ""pointer"", ""pointer"", ""pointer"", ""pointer""], ""load_eviction_policies"": ["""", """", """", """"], ""num_stages"": 2, ""num_warps"": 8, ""pid_type"": ""flat"", ""range_flattens"": [null], ""range_multi_buffers"": [null], ""range_num_stages"": [0], ""range_unroll_factors"": [0], ""range_warp_specializes"": [null], ""reduction_loops"": [null]}",ok,15.39199985563755,0.06627583503723145,0
softmax,SO_104,2048x3072,heldout,2,heuristics,0,51af00faa572663e,"{""atomic_indexing"": [], ""block_sizes"": [8], ""indexing"": [""pointer"", ""pointer"", ""pointer"", ""pointer"", ""pointer"", ""pointer""], ""load_eviction_policies"": ["""", """", """", """"], ""num_stages"": 3, ""num_warps"": 8, ""pid_type"": ""flat"", ""range_flattens"": [null], ""range_multi_buffers"": [null], ""range_num_stages"": [0], ""range_unroll_factors"": [0], ""range_warp_specializes"": [null], ""reduction_loops"": [null]}",ok,17.44000054895878,0.048784732818603516,0
softmax,SO_104,2048x3072,heldout,2,heuristics,0,241d1edce050f701,"{""atomic_indexing"": [], ""block_sizes"": [16], ""indexing"": [""pointer"", ""pointer"", ""pointer"", ""pointer"", ""pointer"", ""pointer""], ""load_eviction_policies"": ["""", """", """", """"], ""num_sm_multiplier"": 1, ""num_stages"": 2, ""num_warps"": 16, ""pid_type"": ""persistent_blocked"", ""range_flattens"": [null], ""range_multi_buffers"": [null], ""range_num_stages"": [0], ""range_unroll_factors"": [0], ""range_warp_specializes"": [null], ""reduction_loops"": [null]}",ok,17.40800030529499,0.05657601356506348,0
softmax,SO_104,2048x3072,heldout,2,heuristics,0,be054f5e39de20e0,"{""atomic_indexing"": [], ""block_sizes"": [2], ""indexing"": [""tensor_descriptor"", ""tensor_descriptor"", ""tensor_descriptor"", ""tensor_descriptor"", ""tensor_descriptor"", ""tensor_descriptor""], ""load_eviction_policies"": ["""", """", """", """"], ""num_stages"": 1, ""num_warps"": 8, ""pid_type"": ""flat"", ""range_flattens"": [null], ""range_multi_buffers"": [null], ""range_num_stages"": [0], ""range_unroll_factors"": [0], ""range_warp_specializes"": [null], ""reduction_loops"": [null]}",ok,13.344000093638897,0.28805041313171387,0
softmax,SO_105,3072x2048,heldout,0,heuristics,0,b48181f977e3a773,"{""atomic_indexing"": [], ""block_sizes"": [16], ""indexing"": [""tensor_descriptor"", ""tensor_descriptor"", ""pointer"", ""tensor_descriptor"", ""tensor_descriptor"", ""tensor_descriptor""], ""load_eviction_policies"": [""last"", ""first"", """", ""last""], ""num_stages"": 3, ""num_warps"": 16, ""pid_type"": ""flat"", ""range_flattens"": [null], ""range_multi_buffers"": [null], ""range_num_stages"": [0], ""range_unroll_factors"": [0], ""range_warp_specializes"": [null], ""reduction_loops"": [null]}",ok,21.63200080394745,0.39695096015930176,1
softmax,SO_105,3072x2048,heldout,0,heuristics,0,2eaa47515491baec,"{""atomic_indexing"": [], ""block_sizes"": [4], ""indexing"": [""pointer"", ""tensor_descriptor"", ""tensor_descriptor"", ""tensor_descriptor"", ""pointer"", ""tensor_descriptor""], ""load_eviction_policies"": ["""", """", """", ""last""], ""num_stages"": 7, ""num_warps"": 4, ""pid_type"": ""flat"", ""range_flattens"": [null], ""range_multi_buffers"": [null], ""range_num_stages"": [0], ""range_unroll_factors"": [0], ""range_warp_specializes"": [null], ""reduction_loops"": [null]}",ok,12.368000112473965,0.37693095207214355,1
softmax,SO_105,3072x2048,heldout,0,heuristics,0,f5217d8ba28efb96,"{""atomic_indexing"": [], ""block_sizes"": [16], ""indexing"": [""pointer"", ""pointer"", ""pointer"", ""tensor_descriptor"", ""pointer"", ""pointer""], ""load_eviction_policies"": [""first"", """", ""last"", ""last""], ""num_stages"": 4, ""num_warps"": 16, ""pid_type"": ""flat"", ""range_flattens"": [null], ""range_multi_buffers"": [null], ""range_num_stages"": [0], ""range_unroll_factors"": [0], ""range_warp_specializes"": [null], ""reduction_loops"": [null]}",ok,17.343999817967415,0.3575770854949951,1
softmax,SO_105,3072x2048,heldout,0,heuristics,0,2762deffa84c958d,"{""atomic_indexing"": [], ""block_sizes"": [16], ""indexing"": [""tensor_descriptor"", ""pointer"", ""pointer"", ""pointer"", ""pointer"", ""tensor_descriptor""], ""load_eviction_policies"": ["""", ""first"", ""last"", """"], ""num_stages"": 1, ""num_warps"": 16, ""pid_type"": ""flat"", ""range_flattens"": [null], ""range_multi_buffers"": [null], ""range_num_stages"": [0], ""range_unroll_factors"": [0], ""range_warp_specializes"": [null], ""reduction_loops"": [null]}",ok,19.487999379634857,0.3488173484802246,1
softmax,SO_105,3072x2048,heldout,0,heuristics,0,9075cf58f9bd030f,"{""atomic_indexing"": [], ""block_sizes"": [2], ""indexing"": [""tensor_descriptor"", ""pointer"", ""pointer"", ""tensor_descriptor"", ""pointer"", ""pointer""], ""load_eviction_policies"": [""first"", ""first"", """", """"], ""num_stages"": 5, ""num_warps"": 4, ""pid_type"": ""flat"", ""range_flattens"": [null], ""range_multi_buffers"": [null], ""range_num_stages"": [0], ""range_unroll_factors"": [0], ""range_warp_specializes"": [null], ""reduction_loops"": [null]}",ok,11.264000087976456,0.3401961326599121,1
softmax,SO_105,3072x2048,heldout,0,heuristics,0,737389bd6928bf84,"{""atomic_indexing"": [], ""block_sizes"": [2], ""indexing"": [""pointer"", ""tensor_descriptor"", ""pointer"", ""pointer"", ""pointer"", ""tensor_descriptor""], ""load_eviction_policies"": [""last"", """", ""first"", ""last""], ""num_stages"": 4, ""num_warps"": 4, ""pid_type"": ""flat"", ""range_flattens"": [null], ""range_multi_buffers"": [null], ""range_num_stages"": [0], ""range_unroll_factors"": [0], ""range_warp_specializes"": [null], ""reduction_loops"": [null]}",ok,11.264000087976456,0.330430269241333,1
softmax,SO_105,3072x2048,heldout,0,heuristics,0,37354fe485337843,"{""atomic_indexing"": [], ""block_sizes"": [2], ""indexing"": [""pointer"", ""tensor_descriptor"", ""pointer"", ""pointer"", ""pointer"", ""pointer""], ""load_eviction_policies"": [""last"", ""last"", ""first"", ""first""], ""num_stages"": 7, ""num_warps"": 4, ""pid_type"": ""flat"", ""range_flattens"": [null], ""range_multi_buffers"": [null], ""range_num_stages"": [0], ""range_unroll_factors"": [0], ""range_warp_specializes"": [null], ""reduction_loops"": [null]}",ok,11.264000087976456,0.3201148509979248,1
softmax,SO_105,3072x2048,heldout,0,heuristics,0,5776fd0ad909b2f2,"{""atomic_indexing"": [], ""block_sizes"": [2], ""indexing"": [""tensor_descriptor"", ""tensor_descriptor"", ""tensor_descriptor"", ""pointer"", ""pointer"", ""pointer""], ""load_eviction_policies"": ["""", ""first"", """", ""last""], ""num_stages"": 4, ""num_warps"": 4, ""pid_type"": ""flat"", ""range_flattens"": [null], ""range_multi_buffers"": [null], ""range_num_stages"": [0], ""range_unroll_factors"": [0], ""range_warp_specializes"": [null], ""reduction_loops"": [null]}",ok,11.264000087976456,0.30016565322875977,1
softmax,SO_105,3072x2048,heldout,0,heuristics,0,4fbe96db09effbd2,"{""atomic_indexing"": [], ""block_sizes"": [2], ""indexing"": [""pointer"", ""pointer"", ""tensor_descriptor"", ""tensor_descriptor"", ""pointer"", ""pointer""], ""load_eviction_policies"": ["""", ""last"", ""last"", """"], ""num_stages"": 3, ""num_warps"": 4, ""pid_type"": ""flat"", ""range_flattens"": [null], ""range_multi_buffers"": [null], ""range_num_stages"": [0], ""range_unroll_factors"": [0], ""range_warp_specializes"": [null], ""reduction_loops"": [null]}",ok,11.264000087976456,0.29004621505737305,1
softmax,SO_105,3072x2048,heldout,0,heuristics,0,95e222b5e08b45db,"{""atomic_indexing"": [], ""block_sizes"": [1], ""indexing"": [""pointer"", ""pointer"", ""pointer"", ""pointer"", ""pointer"", ""tensor_descriptor""], ""load_eviction_policies"": ["""", ""last"", """", ""first""], ""num_stages"": 3, ""num_warps"": 4, ""pid_type"": ""flat"", ""range_flattens"": [null], ""range_multi_buffers"": [null], ""range_num_stages"": [0], ""range_unroll_factors"": [0], ""range_warp_specializes"": [null], ""reduction_loops"": [null]}",ok,11.296000331640244,0.2814650535583496,1
softmax,SO_105,3072x2048,heldout,0,heuristics,0,e7669f72e60d9a55,"{""atomic_indexing"": [], ""block_sizes"": [1], ""indexing"": [""tensor_descriptor"", ""pointer"", ""pointer"", ""pointer"", ""tensor_descriptor"", ""pointer""], ""load_eviction_policies"": ["""", ""first"", """", ""last""], ""num_stages"": 2, ""num_warps"": 4, ""pid_type"": ""flat"", ""range_flattens"": [null], ""range_multi_buffers"": [null], ""range_num_stages"": [0], ""range_unroll_factors"": [0], ""range_warp_specializes"": [null], ""reduction_loops"": [null]}",ok,11.264000087976456,0.2716100215911865,1
softmax,SO_105,3072x2048,heldout,0,heuristics,0,e808571f5d538fbe,"{""atomic_indexing"": [], ""block_sizes"": [1], ""indexing"": [""tensor_descriptor"", ""tensor_descriptor"", ""tensor_descriptor"", ""pointer"", ""pointer"", ""pointer""], ""load_eviction_policies"": ["""", ""last"", ""last"", """"], ""num_stages"": 3, ""num_warps"": 4, ""pid_type"": ""flat"", ""range_flattens"": [null], ""range_multi_buffers"": [null], ""range_num_stages"": [0], ""range_unroll_factors"": [0], ""range_warp_specializes"": [null], ""reduction_loops"": [null]}",ok,11.296000331640244,0.25075197219848633,1
softmax,SO_105,3072x2048,heldout,0,heuristics,0,085bea581ac19295,"{""atomic_indexing"": [], ""block_sizes"": [1], ""indexing"": [""pointer"", ""pointer"", ""tensor_descriptor"", ""pointer"", ""pointer"", ""tensor_descriptor""], ""load_eviction_policies"": [""first"", """", """", """"], ""num_stages"": 4, ""num_warps"": 2, ""pid_type"": ""flat"", ""range_flattens"": [null], ""range_multi_buffers"": [null], ""range_num_stages"": [0], ""range_unroll_factors"": [0], ""range_warp_specializes"": [null], ""reduction_loops"": [null]}",ok,11.296000331640244,0.22980141639709473,1
softmax,SO_105,3072x2048,heldout,0,heuristics,0,1267f42f328081fb,"{""atomic_indexing"": [], ""block_sizes"": [1], ""indexing"": [""pointer"", ""tensor_descriptor"", ""pointer"", ""pointer"", ""tensor_descriptor"", ""pointer""], ""load_eviction_policies"": [""last"", ""last"", """", ""last""], ""num_stages"": 1, ""num_warps"": 2, ""pid_type"": ""flat"", ""range_flattens"": [null], ""range_multi_buffers"": [null], ""range_num_stages"": [0], ""range_unroll_factors"": [0], ""range_warp_specializes"": [null], ""reduction_loops"": [null]}",ok,11.296000331640244,0.21918153762817383,1
softmax,SO_105,3072x2048,heldout,0,heuristics,0,08179a1f017a849e,"{""atomic_indexing"": [], ""block_sizes"": [1], ""indexing"": [""pointer"", ""tensor_descriptor"", ""pointer"", ""tensor_descriptor"", ""pointer"", ""pointer""], ""load_eviction_policies"": ["""", ""first"", """", """"], ""num_stages"": 1, ""num_warps"": 2, ""pid_type"": ""flat"", ""range_flattens"": [null], ""range_multi_buffers"": [null], ""range_num_stages"": [0], ""range_unroll_factors"": [0], ""range_warp_specializes"": [null], ""reduction_loops"": [null]}",ok,11.296000331640244,0.20662212371826172,1
softmax,SO_105,3072x2048,heldout,0,heuristics,0,4db99bd1b1fd307f,"{""atomic_indexing"": [], ""block_sizes"": [1], ""indexing"": [""tensor_descriptor"", ""pointer"", ""pointer"", ""pointer"", ""tensor_descriptor"", ""pointer""], ""load_eviction_policies"": [""first"", """", ""last"", ""last""], ""num_stages"": 1, ""num_warps"": 4, ""pid_type"": ""flat"", ""range_flattens"": [null], ""range_multi_buffers"": [null], ""range_num_stages"": [0], ""range_unroll_factors"": [0], ""range_warp_specializes"": [null], ""reduction_loops"": [null]}",ok,11.296000331640244,0.19023513793945312,1
softmax,SO_105,3072x2048,heldout,0,heuristics,0,e9936258141334eb,"{""atomic_indexing"": [], ""block_sizes"": [1], ""indexing"": [""tensor_descriptor"", ""pointer"", ""pointer"", ""pointer"", ""pointer"", ""tensor_descriptor""], ""load_eviction_policies"": [""first"", ""first"", ""last"", ""last""], ""num_stages"": 4, ""num_warps"": 2, ""pid_type"": ""flat"", ""range_flattens"": [null], ""range_multi_buffers"": [null], ""range_num_stages"": [0], ""range_unroll_factors"": [0], ""range_warp_specializes"": [null], ""reduction_loops"": [null]}",ok,11.296000331640244,0.1690676212310791,1
softmax,SO_105,3072x2048,heldout,0,heuristics,0,434f8e224d142a8b,"{""atomic_indexing"": [], ""block_sizes"": [1], ""indexing"": [""tensor_descriptor"", ""tensor_descriptor"", ""tensor_descriptor"", ""tensor_descriptor"", ""tensor_descriptor"", ""pointer""], ""load_eviction_policies"": ["""", ""first"", """", """"], ""num_stages"": 3, ""num_warps"": 4, ""pid_type"": ""flat"", ""range_flattens"": [null], ""range_multi_buffers"": [null], ""range_num_stages"": [0], ""range_unroll_factors"": [0], ""range_warp_specializes"": [null], ""reduction_loops"": [null]}",ok,11.296000331640244,0.1571195125579834,1
softmax,SO_105,3072x2048,heldout,0,heuristics,0,68752d78a5f2f718,"{""atomic_indexing"": [], ""block_sizes"": [1], ""indexing"": [""pointer"", ""tensor_descriptor"", ""tensor_descriptor"", ""tensor_descriptor"", ""pointer"", ""tensor_descriptor""], ""load_eviction_policies"": ["""", """", ""last"", """"], ""num_stages"": 5, ""num_warps"": 4, ""pid_type"": ""flat"", ""range_flattens"": [null], ""range_multi_buffers"": [null], ""range_num_stages"": [0], ""range_unroll_factors"": [0], ""range_warp_specializes"": [null], ""reduction_loops"": [null]}",ok,11.296000331640244,0.13599252700805664,1
softmax,SO_105,3072x2048,heldout,0,heuristics,0,4856eb1714f29c07,"{""atomic_indexing"": [], ""block_sizes"": [1], ""indexing"": [""pointer"", ""pointer"", ""tensor_descriptor"", ""pointer"", ""pointer"", ""pointer""], ""load_eviction_policies"": ["""", ""first"", ""last"", """"], ""num_stages"": 4, ""num_warps"": 4, ""pid_type"": ""flat"", ""range_flattens"": [null], ""range_multi_buffers"": [null], ""range_num_stages"": [0], ""range_unroll_factors"": [0], ""range_warp_specializes"": [null], ""reduction_loops"": [null]}",ok,11.296000331640244,0.11466312408447266,1
softmax,SO_105,3072x2048,heldout,0,heuristics,0,fc018cf22ed54212,"{""atomic_indexing"": [], ""block_sizes"": [1], ""indexing"": [""pointer"", ""pointer"", ""tensor_descriptor"", ""pointer"", ""tensor_descriptor"", ""pointer""], ""load_eviction_policies"": [""first"", """", ""last"", ""last""], ""num_stages"": 5, ""num_warps"": 4, ""pid_type"": ""flat"", ""range_flattens"": [null], ""range_multi_buffers"": [null], ""range_num_stages"": [0], ""range_unroll_factors"": [0], ""range_warp_specializes"": [null], ""reduction_loops"": [null]}",ok,11.296000331640244,0.10318255424499512,1
softmax,SO_105,3072x2048,heldout,0,heuristics,0,c74b29bb5044d66d,"{""atomic_indexing"": [], ""block_sizes"": [1], ""indexing"": [""tensor_descriptor"", ""tensor_descriptor"", ""tensor_descriptor"", ""pointer"", ""pointer"", ""pointer""], ""load_eviction_policies"": ["""", ""first"", ""first"", ""first""], ""num_stages"": 8, ""num_warps"": 1, ""pid_type"": ""flat"", ""range_flattens"": [null], ""range_multi_buffers"": [null], ""range_num_stages"": [0], ""range_unroll_factors"": [0], ""range_warp_specializes"": [null], ""reduction_loops"": [null]}",ok,11.296000331640244,0.09378266334533691,1
softmax,SO_105,3072x2048,heldout,0,heuristics,0,4708becdd7c177b9,"{""atomic_indexing"": [], ""block_sizes"": [1], ""indexing"": [""tensor_descriptor"", ""pointer"", ""pointer"", ""pointer"", ""tensor_descriptor"", ""pointer""], ""load_eviction_policies"": ["""", ""last"", ""first"", """"], ""num_stages"": 4, ""num_warps"": 1, ""pid_type"": ""flat"", ""range_flattens"": [null], ""range_multi_buffers"": [null], ""range_num_stages"": [0], ""range_unroll_factors"": [0], ""range_warp_specializes"": [null], ""reduction_loops"": [null]}",ok,11.296000331640244,0.08445167541503906,1
softmax,SO_105,3072x2048,heldout,0,heuristics,0,99c5aebdeea9e7c6,"{""atomic_indexing"": [], ""block_sizes"": [1], ""indexing"": [""pointer"", ""pointer"", ""tensor_descriptor"", ""pointer"", ""pointer"", ""tensor_descriptor""], ""load_eviction_policies"": ["""", ""first"", ""last"", ""first""], ""num_stages"": 6, ""num_warps"": 1, ""pid_type"": ""flat"", ""range_flattens"": [null], ""range_multi_buffers"": [null], ""range_num_stages"": [0], ""range_unroll_factors"": [0], ""range_warp_specializes"": [null], ""reduction_loops"": [null]}",ok,11.296000331640244,0.07638955116271973,1
softmax,SO_105,3072x2048,heldout,0,heuristics,0,5fda1aeabce14faf,"{""atomic_indexing"": [], ""block_sizes"": [1], ""indexing"": [""tensor_descriptor"", ""pointer"", ""pointer"", ""pointer"", ""pointer"", ""tensor_descriptor""], ""load_eviction_policies"": [""first"", ""first"", ""first"", """"], ""num_stages"": 5, ""num_warps"": 1, ""pid_type"": ""flat"", ""range_flattens"": [null], ""range_multi_buffers"": [null], ""range_num_stages"": [0], ""range_unroll_factors"": [0], ""range_warp_specializes"": [null], ""reduction_loops"": [null]}",ok,11.296000331640244,0.06743168830871582,1
softmax,SO_105,3072x2048,heldout,0,heuristics,0,ecba085562a0f716,"{""atomic_indexing"": [], ""block_sizes"": [1], ""indexing"": [""pointer"", ""pointer"", ""tensor_descriptor"", ""pointer"", ""tensor_descriptor"", ""tensor_descriptor""], ""load_eviction_policies"": ["""", ""last"", ""first"", """"], ""num_stages"": 5, ""num_warps"": 4, ""pid_type"": ""flat"", ""range_flattens"": [null], ""range_multi_buffers"": [null], ""range_num_stages"": [0], ""range_unroll_factors"": [0], ""range_warp_specializes"": [null], ""reduction_loops"": [null]}",ok,11.296000331640244,0.05847048759460449,1
softmax,SO_105,3072x2048,heldout,0,heuristics,0,73ee7ebfcd167c3e,"{""atomic_indexing"": [], ""block_sizes"": [1], ""indexing"": [""pointer"", ""pointer"", ""tensor_descriptor"", ""tensor_descriptor"", ""tensor_descriptor"", ""tensor_descriptor""], ""load_eviction_policies"": [""last"", """", """", ""first""], ""num_stages"": 1, ""num_warps"": 4, ""pid_type"": ""flat"", ""range_flattens"": [null], ""range_multi_buffers"": [null], ""range_num_stages"": [0], ""range_unroll_factors"": [0], ""range_warp_specializes"": [null], ""reduction_loops"": [null]}",ok,11.296000331640244,0.049535512924194336,1
softmax,SO_105,3072x2048,heldout,0,heuristics,0,6fa900742bf7cad2,"{""atomic_indexing"": [], ""block_sizes"": [1], ""indexing"": [""pointer"", ""tensor_descriptor"", ""pointer"", ""pointer"", ""pointer"", ""pointer""], ""load_eviction_policies"": ["""", ""first"", """", ""last""], ""num_stages"": 2, ""num_warps"": 2, ""pid_type"": ""flat"", ""range_flattens"": [null], ""range_multi_buffers"": [null], ""range_num_stages"": [0], ""range_unroll_factors"": [0], ""range_warp_specializes"": [null], ""reduction_loops"": [null]}",ok,11.296000331640244,0.051776885986328125,1
softmax,SO_105,3072x2048,heldout,0,heuristics,0,4c8d5c71e5731ce4,"{""atomic_indexing"": [], ""block_sizes"": [1], ""indexing"": [""pointer"", ""tensor_descriptor"", ""tensor_descriptor"", ""pointer"", ""tensor_descriptor"", ""tensor_descriptor""], ""load_eviction_policies"": [""last"", ""first"", ""last"", """"], ""num_stages"": 4, ""num_warps"": 2, ""pid_type"": ""flat"", ""range_flattens"": [null], ""range_multi_buffers"": [null], ""range_num_stages"": [0], ""range_unroll_factors"": [0], ""range_warp_specializes"": [null], ""reduction_loops"": [null]}",ok,11.296000331640244,0.039108991622924805,1
softmax,SO_105,3072x2048,heldout,0,heuristics,0,8f9244c76278f5d3,"{""atomic_indexing"": [], ""block_sizes"": [1], ""indexing"": [""pointer"", ""pointer"", ""pointer"", ""pointer"", ""pointer"", ""pointer""], ""load_eviction_policies"": ["""", """", """", """"], ""num_stages"": 1, ""num_warps"": 4, ""pid_type"": ""flat"", ""range_flattens"": [null], ""range_multi_buffers"": [null], ""range_num_stages"": [0], ""range_unroll_factors"": [0], ""range_warp_specializes"": [null], ""reduction_loops"": [null]}",ok,11.296000331640244,0.03087449073791504,1
softmax,SO_105,3072x2048,heldout,0,heuristics,0,8a28c44bf6c234fc,"{""atomic_indexing"": [], ""block_sizes"": [4], ""indexing"": [""pointer"", ""pointer"", ""pointer"", ""pointer"", ""pointer"", ""pointer""], ""load_eviction_policies"": ["""", """", """", """"], ""num_stages"": 2, ""num_warps"": 8, ""pid_type"": ""flat"", ""range_flattens"": [null], ""range_multi_buffers"": [null], ""range_num_stages"": [0], ""range_unroll_factors"": [0], ""range_warp_specializes"": [null], ""reduction_loops"": [null]}",ok,13.183999806642532,0.03819680213928223,0
softmax,SO_105,3072x2048,heldout,0,heuristics,0,bcd7a62eac7acaf0,"{""atomic_indexing"": [], ""block_sizes"": [8], ""indexing"": [""pointer"", ""pointer"", ""pointer"", ""pointer"", ""pointer"", ""pointer""], ""load_eviction_policies"": ["""", """", """", """"], ""num_sm_multiplier"": 1, ""num_stages"": 3, ""num_warps"": 8, ""pid_type"": ""persistent_blocked"", ""range_flattens"": [null], ""range_multi_buffers"": [null], ""range_num_stages"": [0], ""range_unroll_factors"": [0], ""range_warp_specializes"": [null], ""reduction_loops"": [null]}",ok,15.359999611973763,0.042633771896362305,0
softmax,SO_105,3072x2048,heldout,0,heuristics,0,e114f7ad07636ad0,"{""atomic_indexing"": [], ""block_sizes"": [2], ""indexing"": [""tensor_descriptor"", ""tensor_descriptor"", ""tensor_descriptor"", ""tensor_descriptor"", ""tensor_descriptor"", ""tensor_descriptor""], ""load_eviction_policies"": ["""", """", """", """"], ""num_stages"": 2, ""num_warps"": 8, ""pid_type"": ""flat"", ""range_flattens"": [null], ""range_multi_buffers"": [null], ""range_num_stages"": [0], ""range_unroll_factors"": [0], ""range_warp_specializes"": [null], ""reduction_loops"": [null]}",ok,11.264000087976456,0.04002881050109863,0
softmax,SO_105,3072x2048,heldout,0,heuristics,0,e1e138185ec81072,"{""atomic_indexing"": [], ""block_sizes"": [16], ""indexing"": [""pointer"", ""pointer"", ""pointer"", ""pointer"", ""pointer"", ""pointer""], ""load_eviction_policies"": ["""", """", """", """"], ""num_sm_multiplier"": 1, ""num_stages"": 3, ""num_warps"": 16, ""pid_type"": ""persistent_interleaved"", ""range_flattens"": [null], ""range_multi_buffers"": [null], ""range_num_stages"": [0], ""range_unroll_factors"": [0], ""range_warp_specializes"": [null], ""reduction_loops"": [null]}",ok,17.376000061631203,0.031505584716796875,0
softmax,SO_105,3072x2048,heldout,1,heuristics,0,b48181f977e3a773,"{""atomic_indexing"": [], ""block_sizes"": [16], ""indexing"": [""tensor_descriptor"", ""tensor_descriptor"", ""pointer"", ""tensor_descriptor"", ""tensor_descriptor"", ""tensor_descriptor""], ""load_eviction_policies"": [""last"", ""first"", """", ""last""], ""num_stages"": 3, ""num_warps"": 16, ""pid_type"": ""flat"", ""range_flattens"": [null], ""range_multi_buffers"": [null], ""range_num_stages"": [0], ""range_unroll_factors"": [0], ""range_warp_specializes"": [null], ""reduction_loops"": [null]}",ok,23.423999547958374,0.32994627952575684,1
softmax,SO_105,3072x2048,heldout,1,heuristics,0,2eaa47515491baec,"{""atomic_indexing"": [], ""block_sizes"": [4], ""indexing"": [""pointer"", ""tensor_descriptor"", ""tensor_descriptor"", ""tensor_descriptor"", ""pointer"", ""tensor_descriptor""], ""load_eviction_policies"": ["""", """", """", ""last""], ""num_stages"": 7, ""num_warps"": 4, ""pid_type"": ""flat"", ""range_flattens"": [null], ""range_multi_buffers"": [null], ""range_num_stages"": [0], ""range_unroll_factors"": [0], ""range_warp_specializes"": [null], ""reduction_loops"": [null]}",ok,11.42400037497282,0.31994152069091797,1
softmax,SO_105,3072x2048,heldout,1,heuristics,0,f5217d8ba28efb96,"{""atomic_indexing"": [], ""block_sizes"": [16], ""indexing"": [""pointer"", ""pointer"", ""pointer"", ""tensor_descriptor"", ""pointer"", ""pointer""], ""load_eviction_policies"": [""first"", """", ""last"", ""last""], ""num_stages"": 4, ""num_warps"": 16, ""pid_type"": ""flat"", ""range_flattens"": [null], ""range_multi_buffers"": [null], ""range_num_stages"": [0], ""range_unroll_factors"": [0], ""range_warp_specializes"": [null], ""reduction_loops"": [null]}",ok,17.343999817967415,0.308671236038208,1
softmax,SO_105,3072x2048,heldout,1,heuristics,0,2762deffa84c958d,"{""atomic_indexing"": [], ""block_sizes"": [16], ""indexing"": [""tensor_descriptor"", ""pointer"", ""pointer"", ""pointer"", ""pointer"", ""tensor_descriptor""], ""load_eviction_policies"": ["""", ""first"", ""last"", """"], ""num_stages"": 1, ""num_warps"": 16, ""pid_type"": ""flat"", ""range_flattens"": [null], ""range_multi_buffers"": [null], ""range_num_stages"": [0], ""range_unroll_factors"": [0], ""range_warp_specializes"": [null], ""reduction_loops"": [null]}",ok,19.487999379634857,0.2998967170715332,1
softmax,SO_105,3072x2048,heldout,1,heuristics,0,9075cf58f9bd030f,"{""atomic_indexing"": [], ""block_sizes"": [2], ""indexing"": [""tensor_descriptor"", ""pointer"", ""pointer"", ""tensor_descriptor"", ""pointer"", ""pointer""], ""load_eviction_policies"": [""first"", ""first"", """", """"], ""num_stages"": 5, ""num_warps"": 4, ""pid_type"": ""flat"", ""range_flattens"": [null], ""range_multi_buffers"": [null], ""range_num_stages"": [0], ""range_unroll_factors"": [0], ""range_warp_specializes"": [null], ""reduction_loops"": [null]}",ok,11.264000087976456,0.2913849353790283,1
softmax,SO_105,3072x2048,heldout,1,heuristics,0,737389bd6928bf84,"{""atomic_indexing"": [], ""block_sizes"": [2], ""indexing"": [""pointer"", ""tensor_descriptor"", ""pointer"", ""pointer"", ""pointer"", ""tensor_descriptor""], ""load_eviction_policies"": [""last"", """", ""first"", ""last""], ""num_stages"": 4, ""num_warps"": 4, ""pid_type"": ""flat"", ""range_flattens"": [null], ""range_multi_buffers"": [null], ""range_num_stages"": [0], ""range_unroll_factors"": [0], ""range_warp_specializes"": [null], ""reduction_loops"": [null]}",ok,11.264000087976456,0.2795581817626953,1
softmax,SO_105,3072x2048,heldout,1,heuristics,0,37354fe485337843,"{""atomic_indexing"": [], ""block_sizes"": [2], ""indexing"": [""pointer"", ""tensor_descriptor"", ""pointer"", ""pointer"", ""pointer"", ""pointer""], ""load_eviction_policies"": [""last"", ""last"", ""first"", ""first""], ""num_stages"": 7, ""num_warps"": 4, ""pid_type"": ""flat"", ""range_flattens"": [null], ""range_multi_buffers"": [null], ""range_num_stages"": [0], ""range_unroll_factors"": [0], ""range_warp_specializes"": [null], ""reduction_loops"": [null]}",ok,11.296000331640244,0.263613224029541,1
softmax,SO_105,3072x2048,heldout,1,heuristics,0,5776fd0ad909b2f2,"{""atomic_indexing"": [], ""block_sizes"": [2], ""indexing"": [""tensor_descriptor"", ""tensor_descriptor"", ""tensor_descriptor"", ""pointer"", ""pointer"", ""pointer""], ""load_eviction_policies"": ["""", ""first"", """", ""last""], ""num_stages"": 4, ""num_warps"": 4, ""pid_type"": ""flat"", ""range_flattens"": [null], ""range_multi_buffers"": [null], ""range_num_stages"": [0], ""range_unroll_factors"": [0], ""range_warp_specializes"": [null], ""reduction_loops"": [null]}",ok,11.264000087976456,0.2535686492919922,1
softmax,SO_105,3072x2048,heldout,1,heuristics,0,4fbe96db09effbd2,"{""atomic_indexing"": [], ""block_sizes"": [2], ""indexing"": [""pointer"", ""pointer"", ""tensor_descriptor"", ""tensor_descriptor"", ""pointer"", ""pointer""], ""load_eviction_policies"": ["""", ""last"", ""last"", """"], ""num_stages"": 3, ""num_warps"": 4, ""pid_type"": ""flat"", ""range_flattens"": [null], ""range_multi_buffers"": [null], ""range_num_stages"": [0], ""range_unroll_factors"": [0], ""range_warp_specializes"": [null], ""reduction_loops"": [null]}",ok,11.264000087976456,0.23255324363708496,1
softmax,SO_105,3072x2048,heldout,1,heuristics,0,95e222b5e08b45db,"{""atomic_indexing"": [], ""block_sizes"": [1], ""indexing"": [""pointer"", ""pointer"", ""pointer"", ""pointer"", ""pointer"", ""tensor_descriptor""], ""load_eviction_policies"": ["""", ""last"", """", ""first""], ""num_stages"": 3, ""num_warps"": 4, ""pid_type"": ""flat"", ""range_flattens"": [null], ""range_multi_buffers"": [null], ""range_num_stages"": [0], ""range_unroll_factors"": [0], ""range_warp_specializes"": [null], ""reduction_loops"": [null]}",ok,11.296000331640244,0.222320556640625,1
softmax,SO_105,3072x2048,heldout,1,heuristics,0,e7669f72e60d9a55,"{""atomic_indexing"": [], ""block_sizes"": [1], ""indexing"": [""tensor_descriptor"", ""pointer"", ""pointer"", ""pointer"", ""tensor_descriptor"", ""pointer""], ""load_eviction_policies"": ["""", ""first"", """", ""last""], ""num_stages"": 2, ""num_warps"": 4, ""pid_type"": ""flat"", ""range_flattens"": [null], ""range_multi_buffers"": [null], ""range_num_stages"": [0], ""range_unroll_factors"": [0], ""range_warp_specializes"": [null], ""reduction_loops"": [null]}",ok,11.296000331640244,0.20061874389648438,1
softmax,SO_105,3072x2048,heldout,1,heuristics,0,e808571f5d538fbe,"{""atomic_indexing"": [], ""block_sizes"": [1], ""indexing"": [""tensor_descriptor"", ""tensor_descriptor"", ""tensor_descriptor"", ""pointer"", ""pointer"", ""pointer""], ""load_eviction_policies"": ["""", ""last"", ""last"", """"], ""num_stages"": 3, ""num_warps"": 4, ""pid_type"": ""flat"", ""range_flattens"": [null], ""range_multi_buffers"": [null], ""range_num_stages"": [0], ""range_unroll_factors"": [0], ""range_warp_specializes"": [null], ""reduction_loops"": [null]}",ok,11.296000331640244,0.18903064727783203,1
softmax,SO_105,3072x2048,heldout,1,heuristics,0,085bea581ac19295,"{""atomic_indexing"": [], ""block_sizes"": [1], ""indexing"": [""pointer"", ""pointer"", ""tensor_descriptor"", ""pointer"", ""pointer"", ""tensor_descriptor""], ""load_eviction_policies"": [""first"", """", """", """"], ""num_stages"": 4, ""num_warps"": 2, ""pid_type"": ""flat"", ""range_flattens"": [null], ""range_multi_buffers"": [null], ""range_num_stages"": [0], ""range_unroll_factors"": [0], ""range_warp_specializes"": [null], ""reduction_loops"": [null]}",ok,11.296000331640244,0.18030595779418945,1
softmax,SO_105,3072x2048,heldout,1,heuristics,0,1267f42f328081fb,"{""atomic_indexing"": [], ""block_sizes"": [1], ""indexing"": [""pointer"", ""tensor_descriptor"", ""pointer"", ""pointer"", ""tensor_descriptor"", ""pointer""], ""load_eviction_policies"": [""last"", ""last"", """", ""last""], ""num_stages"": 1, ""num_warps"": 2, ""pid_type"": ""flat"", ""range_flattens"": [null], ""range_multi_buffers"": [null], ""range_num_stages"": [0], ""range_unroll_factors"": [0], ""range_warp_specializes"": [null], ""reduction_loops"": [null]}",ok,11.296000331640244,0.15850424766540527,1
softmax,SO_105,3072x2048,heldout,1,heuristics,0,08179a1f017a849e,"{""atomic_indexing"": [], ""block_sizes"": [1], ""indexing"": [""pointer"", ""tensor_descriptor"", ""pointer"", ""tensor_descriptor"", ""pointer"", ""pointer""], ""load_eviction_policies"": ["""", ""first"", """", """"], ""num_stages"": 1, ""num_warps"": 2, ""pid_type"": ""flat"", ""range_flattens"": [null], ""range_multi_buffers"": [null], ""range_num_stages"": [0], ""range_unroll_factors"": [0], ""range_warp_specializes"": [null], ""reduction_loops"": [null]}",ok,11.296000331640244,0.1493065357208252,1
softmax,SO_105,3072x2048,heldout,1,heuristics,0,4db99bd1b1fd307f,"{""atomic_indexing"": [], ""block_sizes"": [1], ""indexing"": [""tensor_descriptor"", ""pointer"", ""pointer"", ""pointer"", ""tensor_descriptor"", ""pointer""], ""load_eviction_policies"": [""first"", """", ""last"", ""last""], ""num_stages"": 1, ""num_warps"": 4, ""pid_type"": ""flat"", ""range_flattens"": [null], ""range_multi_buffers"": [null], ""range_num_stages"": [0], ""range_unroll_factors"": [0], ""range_warp_specializes"": [null], ""reduction_loops"": [null]}",ok,11.296000331640244,0.14026641845703125,1
softmax,SO_105,3072x2048,heldout,1,heuristics,0,e9936258141334eb,"{""atomic_indexing"": [], ""block_sizes"": [1], ""indexing"": [""tensor_descriptor"", ""pointer"", ""pointer"", ""pointer"", ""pointer"", ""tensor_descriptor""], ""load_eviction_policies"": [""first"", ""first"", ""last"", ""last""], ""num_stages"": 4, ""num_warps"": 2, ""pid_type"": ""flat"", ""range_flattens"": [null], ""range_multi_buffers"": [null], ""range_num_stages"": [0], ""range_unroll_factors"": [0], ""range_warp_specializes"": [null], ""reduction_loops"": [null]}",ok,11.296000331640244,0.11905407905578613,1
softmax,SO_105,3072x2048,heldout,1,heuristics,0,434f8e224d142a8b,"{""atomic_indexing"": [], ""block_sizes"": [1], ""indexing"": [""tensor_descriptor"", ""tensor_descriptor"", ""tensor_descriptor"", ""tensor_descriptor"", ""tensor_descriptor"", ""pointer""], ""load_eviction_policies"": ["""", ""first"", """", """"], ""num_stages"": 3, ""num_warps"": 4, ""pid_type"": ""flat"", ""range_flattens"": [null], ""range_multi_buffers"": [null], ""range_num_stages"": [0], ""range_unroll_factors"": [0], ""range_warp_specializes"": [null], ""reduction_loops"": [null]}",ok,11.296000331640244,0.10991644859313965,1
softmax,SO_105,3072x2048,heldout,1,heuristics,0,68752d78a5f2f718,"{""atomic_indexing"": [], ""block_sizes"": [1], ""indexing"": [""pointer"", ""tensor_descriptor"", ""tensor_descriptor"", ""tensor_descriptor"", ""pointer"", ""tensor_descriptor""], ""load_eviction_policies"": ["""", """", ""last"", """"], ""num_stages"": 5, ""num_warps"": 4, ""pid_type"": ""flat"", ""range_flattens"": [null], ""range_multi_buffers"": [null], ""range_num_stages"": [0], ""range_unroll_factors"": [0], ""range_warp_specializes"": [null], ""reduction_loops"": [null]}",ok,11.296000331640244,0.10152697563171387,1
softmax,SO_105,3072x2048,heldout,1,heuristics,0,4856eb1714f29c07,"{""atomic_indexing"": [], ""block_sizes"": [1], ""indexing"": [""pointer"", ""pointer"", ""tensor_descriptor"", ""pointer"", ""pointer"", ""pointer""], ""load_eviction_policies"": ["""", ""first"", ""last"", """"], ""num_stages"": 4, ""num_warps"": 4, ""pid_type"": ""flat"", ""range_flattens"": [null], ""range_multi_buffers"": [null], ""range_num_stages"": [0], ""range_unroll_factors"": [0], ""range_warp_specializes"": [null], ""reduction_loops"": [null]}",ok,11.296000331640244,0.09323716163635254,1
softmax,SO_105,3072x2048,heldout,1,heuristics,0,fc018cf22ed54212,"{""atomic_indexing"": [], ""block_sizes"": [1], ""indexing"": [""pointer"", ""pointer"", ""tensor_descriptor"", ""pointer"", ""tensor_descriptor"", ""pointer""], ""load_eviction_policies"": [""first"", """", ""last"", ""last""], ""num_stages"": 5, ""num_warps"": 4, ""pid_type"": ""flat"", ""range_flattens"": [null], ""range_multi_buffers"": [null], ""range_num_stages"": [0], ""range_unroll_factors"": [0], ""range_warp_specializes"": [null], ""reduction_loops"": [null]}",ok,11.296000331640244,0.08498787879943848,1
softmax,SO_105,3072x2048,heldout,1,heuristics,0,c74b29bb5044d66d,"{""atomic_indexing"": [], ""block_sizes"": [1], ""indexing"": [""tensor_descriptor"", ""tensor_descriptor"", ""tensor_descriptor"", ""pointer"", ""pointer"", ""pointer""], ""load_eviction_policies"": ["""", ""first"", ""first"", ""first""], ""num_stages"": 8, ""num_warps"": 1, ""pid_type"": ""flat"", ""range_flattens"": [null], ""range_multi_buffers"": [null], ""range_num_stages"": [0], ""range_unroll_factors"": [0], ""range_warp_specializes"": [null], ""reduction_loops"": [null]}",ok,11.264000087976456,0.07416415214538574,1
softmax,SO_105,3072x2048,heldout,1,heuristics,0,4708becdd7c177b9,"{""atomic_indexing"": [], ""block_sizes"": [1], ""indexing"": [""tensor_descriptor"", ""pointer"", ""pointer"", ""pointer"", ""tensor_descriptor"", ""pointer""], ""load_eviction_policies"": ["""", ""last"", ""first"", """"], ""num_stages"": 4, ""num_warps"": 1, ""pid_type"": ""flat"", ""range_flattens"": [null], ""range_multi_buffers"": [null], ""range_num_stages"": [0], ""range_unroll_factors"": [0], ""range_warp_specializes"": [null], ""reduction_loops"": [null]}",ok,11.296000331640244,0.06643033027648926,1
softmax,SO_105,3072x2048,heldout,1,heuristics,0,99c5aebdeea9e7c6,"{""atomic_indexing"": [], ""block_sizes"": [1], ""indexing"": [""pointer"", ""pointer"", ""tensor_descriptor"", ""pointer"", ""pointer"", ""tensor_descriptor""], ""load_eviction_policies"": ["""", ""first"", ""last"", ""first""], ""num_stages"": 6, ""num_warps"": 1, ""pid_type"": ""flat"", ""range_flattens"": [null], ""range_multi_buffers"": [null], ""range_num_stages"": [0], ""range_unroll_factors"": [0], ""range_warp_specializes"": [null], ""reduction_loops"": [null]}",ok,11.296000331640244,0.058714866638183594,1
softmax,SO_105,3072x2048,heldout,1,heuristics,0,5fda1aeabce14faf,"{""atomic_indexing"": [], ""block_sizes"": [1], ""indexing"": [""tensor_descriptor"", ""pointer"", ""pointer"", ""pointer"", ""pointer"", ""tensor_descriptor""], ""load_eviction_policies"": [""first"", ""first"", ""first"", """"], ""num_stages"": 5, ""num_warps"": 1, ""pid_type"": ""flat"", ""range_flattens"": [null], ""range_multi_buffers"": [null], ""range_num_stages"": [0], ""range_unroll_factors"": [0], ""range_warp_specializes"": [null], ""reduction_loops"": [null]}",ok,11.264000087976456,0.04990243911743164,1
softmax,SO_105,3072x2048,heldout,1,heuristics,0,ecba085562a0f716,"{""atomic_indexing"": [], ""block_sizes"": [1], ""indexing"": [""pointer"", ""pointer"", ""tensor_descriptor"", ""pointer"", ""tensor_descriptor"", ""tensor_descriptor""], ""load_eviction_policies"": ["""", ""last"", ""first"", """"], ""num_stages"": 5, ""num_warps"": 4, ""pid_type"": ""flat"", ""range_flattens"": [null], ""range_multi_buffers"": [null], ""range_num_stages"": [0], ""range_unroll_factors"": [0], ""range_warp_specializes"": [null], ""reduction_loops"": [null]}",ok,11.264000087976456,0.04223513603210449,1
softmax,SO_105,3072x2048,heldout,1,heuristics,0,73ee7ebfcd167c3e,"{""atomic_indexing"": [], ""block_sizes"": [1], ""indexing"": [""pointer"", ""pointer"", ""tensor_descriptor"", ""tensor_descriptor"", ""tensor_descriptor"", ""tensor_descriptor""], ""load_eviction_policies"": [""last"", """", """", ""first""], ""num_stages"": 1, ""num_warps"": 4, ""pid_type"": ""flat"", ""range_flattens"": [null], ""range_multi_buffers"": [null], ""range_num_stages"": [0], ""range_unroll_factors"": [0], ""range_warp_specializes"": [null], ""reduction_loops"": [null]}",ok,11.296000331640244,0.033841848373413086,1
softmax,SO_105,3072x2048,heldout,1,heuristics,0,6fa900742bf7cad2,"{""atomic_indexing"": [], ""block_sizes"": [1], ""indexing"": [""pointer"", ""tensor_descriptor"", ""pointer"", ""pointer"", ""pointer"", ""pointer""], ""load_eviction_policies"": ["""", ""first"", """", ""last""], ""num_stages"": 2, ""num_warps"": 2, ""pid_type"": ""flat"", ""range_flattens"": [null], ""range_multi_buffers"": [null], ""range_num_stages"": [0], ""range_unroll_factors"": [0], ""range_warp_specializes"": [null], ""reduction_loops"": [null]}",ok,11.296000331640244,0.0257418155670166,1
softmax,SO_105,3072x2048,heldout,1,heuristics,0,4c8d5c71e5731ce4,"{""atomic_indexing"": [], ""block_sizes"": [1], ""indexing"": [""pointer"", ""tensor_descriptor"", ""tensor_descriptor"", ""pointer"", ""tensor_descriptor"", ""tensor_descriptor""], ""load_eviction_policies"": [""last"", ""first"", ""last"", """"], ""num_stages"": 4, ""num_warps"": 2, ""pid_type"": ""flat"", ""range_flattens"": [null], ""range_multi_buffers"": [null], ""range_num_stages"": [0], ""range_unroll_factors"": [0], ""range_warp_specializes"": [null], ""reduction_loops"": [null]}",ok,11.296000331640244,0.0225982666015625,1
softmax,SO_105,3072x2048,heldout,1,heuristics,0,8f9244c76278f5d3,"{""atomic_indexing"": [], ""block_sizes"": [1], ""indexing"": [""pointer"", ""pointer"", ""pointer"", ""pointer"", ""pointer"", ""pointer""], ""load_eviction_policies"": ["""", """", """", """"], ""num_stages"": 1, ""num_warps"": 4, ""pid_type"": ""flat"", ""range_flattens"": [null], ""range_multi_buffers"": [null], ""range_num_stages"": [0], ""range_unroll_factors"": [0], ""range_warp_specializes"": [null], ""reduction_loops"": [null]}",ok,11.296000331640244,0.0231170654296875,1
softmax,SO_105,3072x2048,heldout,1,heuristics,0,8a28c44bf6c234fc,"{""atomic_indexing"": [], ""block_sizes"": [4], ""indexing"": [""pointer"", ""pointer"", ""pointer"", ""pointer"", ""pointer"", ""pointer""], ""load_eviction_policies"": ["""", """", """", """"], ""num_stages"": 2, ""num_warps"": 8, ""pid_type"": ""flat"", ""range_flattens"": [null], ""range_multi_buffers"": [null], ""range_num_stages"": [0], ""range_unroll_factors"": [0], ""range_warp_specializes"": [null], ""reduction_loops"": [null]}",ok,13.151999562978745,0.03110051155090332,0
softmax,SO_105,3072x2048,heldout,1,heuristics,0,2c6bef028bc9350c,"{""atomic_indexing"": [], ""block_sizes"": [8], ""indexing"": [""tensor_descriptor"", ""tensor_descriptor"", ""tensor_descriptor"", ""tensor_descriptor"", ""tensor_descriptor"", ""tensor_descriptor""], ""load_eviction_policies"": ["""", """", """", """"], ""num_stages"": 3, ""num_warps"": 8, ""pid_type"": ""flat"", ""range_flattens"": [null], ""range_multi_buffers"": [null], ""range_num_stages"": [0], ""range_unroll_factors"": [0], ""range_warp_specializes"": [null], ""reduction_loops"": [null]}",ok,19.487999379634857,0.37210631370544434,0
softmax,SO_105,3072x2048,heldout,1,heuristics,0,1eead3b4eef1ccfb,"{""atomic_indexing"": [], ""block_sizes"": [2], ""indexing"": [""pointer"", ""pointer"", ""pointer"", ""pointer"", ""pointer"", ""pointer""], ""load_eviction_policies"": ["""", """", """", """"], ""num_sm_multiplier"": 1, ""num_stages"": 2, ""num_warps"": 4, ""pid_type"": ""persistent_blocked"", ""range_flattens"": [null], ""range_multi_buffers"": [null], ""range_num_stages"": [0], ""range_unroll_factors"": [0], ""range_warp_specializes"": [null], ""reduction_loops"": [null]}",ok,21.536000072956085,0.26981329917907715,0
softmax,SO_105,3072x2048,heldout,1,heuristics,0,4ef64e38b8bf7785,"{""atomic_indexing"": [], ""block_sizes"": [16], ""indexing"": [""pointer"", ""pointer"", ""pointer"", ""pointer"", ""pointer"", ""pointer""], ""load_eviction_policies"": ["""", """", """", """"], ""num_sm_multiplier"": 1, ""num_stages"": 2, ""num_warps"": 16, ""pid_type"": ""persistent_interleaved"", ""range_flattens"": [null], ""range_multi_buffers"": [null], ""range_num_stages"": [0], ""range_unroll_factors"": [0], ""range_warp_specializes"": [null], ""reduction_loops"": [null]}",ok,17.376000061631203,0.02392101287841797,0
softmax,SO_105,3072x2048,heldout,2,heuristics,0,b48181f977e3a773,"{""atomic_indexing"": [], ""block_sizes"": [16], ""indexing"": [""tensor_descriptor"", ""tensor_descriptor"", ""pointer"", ""tensor_descriptor"", ""tensor_descriptor"", ""tensor_descriptor""], ""load_eviction_policies"": [""last"", ""first"", """", ""last""], ""num_stages"": 3, ""num_warps"": 16, ""pid_type"": ""flat"", ""range_flattens"": [null], ""range_multi_buffers"": [null], ""range_num_stages"": [0], ""range_unroll_factors"": [0], ""range_warp_specializes"": [null], ""reduction_loops"": [null]}",ok,21.663999184966087,0.42710232734680176,1
softmax,SO_105,3072x2048,heldout,2,heuristics,0,2eaa47515491baec,"{""atomic_indexing"": [], ""block_sizes"": [4], ""indexing"": [""pointer"", ""tensor_descriptor"", ""tensor_descriptor"", ""tensor_descriptor"", ""pointer"", ""tensor_descriptor""], ""load_eviction_policies"": ["""", """", """", ""last""], ""num_stages"": 7, ""num_warps"": 4, ""pid_type"": ""flat"", ""range_flattens"": [null], ""range_multi_buffers"": [null], ""range_num_stages"": [0], ""range_unroll_factors"": [0], ""range_warp_specializes"": [null], ""reduction_loops"": [null]}",ok,11.552000418305397,0.4156303405761719,1
softmax,SO_105,3072x2048,heldout,2,heuristics,0,f5217d8ba28efb96,"{""atomic_indexing"": [], ""block_sizes"": [16], ""indexing"": [""pointer"", ""pointer"", ""pointer"", ""tensor_descriptor"", ""pointer"", ""pointer""], ""load_eviction_policies"": [""first"", """", ""last"", ""last""], ""num_stages"": 4, ""num_warps"": 16, ""pid_type"": ""flat"", ""range_flattens"": [null], ""range_multi_buffers"": [null], ""range_num_stages"": [0], ""range_unroll_factors"": [0], ""range_warp_specializes"": [null], ""reduction_loops"": [null]}",ok,17.343999817967415,0.40407824516296387,1
softmax,SO_105,3072x2048,heldout,2,heuristics,0,2762deffa84c958d,"{""atomic_indexing"": [], ""block_sizes"": [16], ""indexing"": [""tensor_descriptor"", ""pointer"", ""pointer"", ""pointer"", ""pointer"", ""tensor_descriptor""], ""load_eviction_policies"": ["""", ""first"", ""last"", """"], ""num_stages"": 1, ""num_warps"": 16, ""pid_type"": ""flat"", ""range_flattens"": [null], ""range_multi_buffers"": [null], ""range_num_stages"": [0], ""range_unroll_factors"": [0], ""range_warp_specializes"": [null], ""reduction_loops"": [null]}",ok,19.487999379634857,0.3959686756134033,1
softmax,SO_105,3072x2048,heldout,2,heuristics,0,9075cf58f9bd030f,"{""atomic_indexing"": [], ""block_sizes"": [2], ""indexing"": [""tensor_descriptor"", ""pointer"", ""pointer"", ""tensor_descriptor"", ""pointer"", ""pointer""], ""load_eviction_policies"": [""first"", ""first"", """", """"], ""num_stages"": 5, ""num_warps"": 4, ""pid_type"": ""flat"", ""range_flattens"": [null], ""range_multi_buffers"": [null], ""range_num_stages"": [0], ""range_unroll_factors"": [0], ""range_warp_specializes"": [null], ""reduction_loops"": [null]}",ok,11.264000087976456,0.38764071464538574,1
softmax,SO_105,3072x2048,heldout,2,heuristics,0,737389bd6928bf84,"{""atomic_indexing"": [], ""block_sizes"": [2], ""indexing"": [""pointer"", ""tensor_descriptor"", ""pointer"", ""pointer"", ""pointer"", ""tensor_descriptor""], ""load_eviction_policies"": [""last"", """", ""first"", ""last""], ""num_stages"": 4, ""num_warps"": 4, ""pid_type"": ""flat"", ""range_flattens"": [null], ""range_multi_buffers"": [null], ""range_num_stages"": [0], ""range_unroll_factors"": [0], ""range_warp_specializes"": [null], ""reduction_loops"": [null]}",ok,11.264000087976456,0.3791472911834717,1
softmax,SO_105,3072x2048,heldout,2,heuristics,0,37354fe485337843,"{""atomic_indexing"": [], ""block_sizes"": [2], ""indexing"": [""pointer"", ""tensor_descriptor"", ""pointer"", ""pointer"", ""pointer"", ""pointer""], ""load_eviction_policies"": [""last"", ""last"", ""first"", ""first""], ""num_stages"": 7, ""num_warps"": 4, ""pid_type"": ""flat"", ""range_flattens"": [null], ""range_multi_buffers"": [null], ""range_num_stages"": [0], ""range_unroll_factors"": [0], ""range_warp_specializes"": [null], ""reduction_loops"": [null]}",ok,11.264000087976456,0.3671751022338867,1
softmax,SO_105,3072x2048,heldout,2,heuristics,0,5776fd0ad909b2f2,"{""atomic_indexing"": [], ""block_sizes"": [2], ""indexing"": [""tensor_descriptor"", ""tensor_descriptor"", ""tensor_descriptor"", ""pointer"", ""pointer"", ""pointer""], ""load_eviction_policies"": ["""", ""first"", """", ""last""], ""num_stages"": 4, ""num_warps"": 4, ""pid_type"": ""flat"", ""range_flattens"": [null], ""range_multi_buffers"": [null], ""range_num_stages"": [0], ""range_unroll_factors"": [0], ""range_warp_specializes"": [null], ""reduction_loops"": [null]}",ok,11.28000020980835,0.3462982177734375,1
softmax,SO_105,3072x2048,heldout,2,heuristics,0,4fbe96db09effbd2,"{""atomic_indexing"": [], ""block_sizes"": [2], ""indexing"": [""pointer"", ""pointer"", ""tensor_descriptor"", ""tensor_descriptor"", ""pointer"", ""pointer""], ""load_eviction_policies"": ["""", ""last"", ""last"", """"], ""num_stages"": 3, ""num_warps"": 4, ""pid_type"": ""flat"", ""range_flattens"": [null], ""range_multi_buffers"": [null], ""range_num_stages"": [0], ""range_unroll_factors"": [0], ""range_warp_specializes"": [null], ""reduction_loops"": [null]}",ok,11.264000087976456,0.33492565155029297,1
softmax,SO_105,3072x2048,heldout,2,heuristics,0,95e222b5e08b45db,"{""atomic_indexing"": [], ""block_sizes"": [1], ""indexing"": [""pointer"", ""pointer"", ""pointer"", ""pointer"", ""pointer"", ""tensor_descriptor""], ""load_eviction_policies"": ["""", ""last"", """", ""first""], ""num_stages"": 3, ""num_warps"": 4, ""pid_type"": ""flat"", ""range_flattens"": [null], ""range_multi_buffers"": [null], ""range_num_stages"": [0], ""range_unroll_factors"": [0], ""range_warp_specializes"": [null], ""reduction_loops"": [null]}",ok,11.28000020980835,0.31339430809020996,1
softmax,SO_105,3072x2048,heldout,2,heuristics,0,e7669f72e60d9a55,"{""atomic_indexing"": [], ""block_sizes"": [1], ""indexing"": [""tensor_descriptor"", ""pointer"", ""pointer"", ""pointer"", ""tensor_descriptor"", ""pointer""], ""load_eviction_policies"": ["""", ""first"", """", ""last""], ""num_stages"": 2, ""num_warps"": 4, ""pid_type"": ""flat"", ""range_flattens"": [null], ""range_multi_buffers"": [null], ""range_num_stages"": [0], ""range_unroll_factors"": [0], ""range_warp_specializes"": [null], ""reduction_loops"": [null]}",ok,11.296000331640244,0.3006250858306885,1
softmax,SO_105,3072x2048,heldout,2,heuristics,0,e808571f5d538fbe,"{""atomic_indexing"": [], ""block_sizes"": [1], ""indexing"": [""tensor_descriptor"", ""tensor_descriptor"", ""tensor_descriptor"", ""pointer"", ""pointer"", ""pointer""], ""load_eviction_policies"": ["""", ""last"", ""last"", """"], ""num_stages"": 3, ""num_warps"": 4, ""pid_type"": ""flat"", ""range_flattens"": [null], ""range_multi_buffers"": [null], ""range_num_stages"": [0], ""range_unroll_factors"": [0], ""range_warp_specializes"": [null], ""reduction_loops"": [null]}",ok,11.296000331640244,0.279008150100708,1
softmax,SO_105,3072x2048,heldout,2,heuristics,0,085bea581ac19295,"{""atomic_indexing"": [], ""block_sizes"": [1], ""indexing"": [""pointer"", ""pointer"", ""tensor_descriptor"", ""pointer"", ""pointer"", ""tensor_descriptor""], ""load_eviction_policies"": [""first"", """", """", """"], ""num_stages"": 4, ""num_warps"": 2, ""pid_type"": ""flat"", ""range_flattens"": [null], ""range_multi_buffers"": [null], ""range_num_stages"": [0], ""range_unroll_factors"": [0], ""range_warp_specializes"": [null], ""reduction_loops"": [null]}",ok,11.296000331640244,0.257493257522583,1
softmax,SO_105,3072x2048,heldout,2,heuristics,0,1267f42f328081fb,"{""atomic_indexing"": [], ""block_sizes"": [1], ""indexing"": [""pointer"", ""tensor_descriptor"", ""pointer"", ""pointer"", ""tensor_descriptor"", ""pointer""], ""load_eviction_policies"": [""last"", ""last"", """", ""last""], ""num_stages"": 1, ""num_warps"": 2, ""pid_type"": ""flat"", ""range_flattens"": [null], ""range_multi_buffers"": [null], ""range_num_stages"": [0], ""range_unroll_factors"": [0], ""range_warp_specializes"": [null], ""reduction_loops"": [null]}",ok,11.296000331640244,0.24677777290344238,1
softmax,SO_105,3072x2048,heldout,2,heuristics,0,08179a1f017a849e,"{""atomic_indexing"": [], ""block_sizes"": [1], ""indexing"": [""pointer"", ""tensor_descriptor"", ""pointer"", ""tensor_descriptor"", ""pointer"", ""pointer""], ""load_eviction_policies"": ["""", ""first"", """", """"], ""num_stages"": 1, ""num_warps"": 2, ""pid_type"": ""flat"", ""range_flattens"": [null], ""range_multi_buffers"": [null], ""range_num_stages"": [0], ""range_unroll_factors"": [0], ""range_warp_specializes"": [null], ""reduction_loops"": [null]}",ok,11.296000331640244,0.2380692958831787,1
softmax,SO_105,3072x2048,heldout,2,heuristics,0,4db99bd1b1fd307f,"{""atomic_indexing"": [], ""block_sizes"": [1], ""indexing"": [""tensor_descriptor"", ""pointer"", ""pointer"", ""pointer"", ""tensor_descriptor"", ""pointer""], ""load_eviction_policies"": [""first"", """", ""last"", ""last""], ""num_stages"": 1, ""num_warps"": 4, ""pid_type"": ""flat"", ""range_flattens"": [null], ""range_multi_buffers"": [null], ""range_num_stages"": [0], ""range_unroll_factors"": [0], ""range_warp_specializes"": [null], ""reduction_loops"": [null]}",ok,11.296000331640244,0.21718859672546387,1
softmax,SO_105,3072x2048,heldout,2,heuristics,0,e9936258141334eb,"{""atomic_indexing"": [], ""block_sizes"": [1], ""indexing"": [""tensor_descriptor"", ""pointer"", ""pointer"", ""pointer"", ""pointer"", ""tensor_descriptor""], ""load_eviction_policies"": [""first"", ""first"", ""last"", ""last""], ""num_stages"": 4, ""num_warps"": 2, ""pid_type"": ""flat"", ""range_flattens"": [null], ""range_multi_buffers"": [null], ""range_num_stages"": [0], ""range_unroll_factors"": [0], ""range_warp_specializes"": [null], ""reduction_loops"": [null]}",ok,11.296000331640244,0.20752787590026855,1
softmax,SO_105,3072x2048,heldout,2,heuristics,0,434f8e224d142a8b,"{""atomic_indexing"": [], ""block_sizes"": [1], ""indexing"": [""tensor_descriptor"", ""tensor_descriptor"", ""tensor_descriptor"", ""tensor_descriptor"", ""tensor_descriptor"", ""pointer""], ""load_eviction_policies"": ["""", ""first"", """", """"], ""num_stages"": 3, ""num_warps"": 4, ""pid_type"": ""flat"", ""range_flattens"": [null], ""range_multi_buffers"": [null], ""range_num_stages"": [0], ""range_unroll_factors"": [0], ""range_warp_specializes"": [null], ""reduction_loops"": [null]}",ok,11.296000331640244,0.19852900505065918,1
softmax,SO_105,3072x2048,heldout,2,heuristics,0,68752d78a5f2f718,"{""atomic_indexing"": [], ""block_sizes"": [1], ""indexing"": [""pointer"", ""tensor_descriptor"", ""tensor_descriptor"", ""tensor_descriptor"", ""pointer"", ""tensor_descriptor""], ""load_eviction_policies"": ["""", """", ""last"", """"], ""num_stages"": 5, ""num_warps"": 4, ""pid_type"": ""flat"", ""range_flattens"": [null], ""range_multi_buffers"": [null], ""range_num_stages"": [0], ""range_unroll_factors"": [0], ""range_warp_specializes"": [null], ""reduction_loops"": [null]}",ok,11.264000087976456,0.1751105785369873,1
softmax,SO_105,3072x2048,heldout,2,heuristics,0,4856eb1714f29c07,"{""atomic_indexing"": [], ""block_sizes"": [1], ""indexing"": [""pointer"", ""pointer"", ""tensor_descriptor"", ""pointer"", ""pointer"", ""pointer""], ""load_eviction_policies"": ["""", ""first"", ""last"", """"], ""num_stages"": 4, ""num_warps"": 4, ""pid_type"": ""flat"", ""range_flattens"": [null], ""range_multi_buffers"": [null], ""range_num_stages"": [0], ""range_unroll_factors"": [0], ""range_warp_specializes"": [null], ""reduction_loops"": [null]}",ok,11.296000331640244,0.15371251106262207,1
softmax,SO_105,3072x2048,heldout,2,heuristics,0,fc018cf22ed54212,"{""atomic_indexing"": [], ""block_sizes"": [1], ""indexing"": [""pointer"", ""pointer"", ""tensor_descriptor"", ""pointer"", ""tensor_descriptor"", ""pointer""], ""load_eviction_policies"": [""first"", """", ""last"", ""last""], ""num_stages"": 5, ""num_warps"": 4, ""pid_type"": ""flat"", ""range_flattens"": [null], ""range_multi_buffers"": [null], ""range_num_stages"": [0], ""range_unroll_factors"": [0], ""range_warp_specializes"": [null], ""reduction_loops"": [null]}",ok,11.296000331640244,0.14342260360717773,1
softmax,SO_105,3072x2048,heldout,2,heuristics,0,c74b29bb5044d66d,"{""atomic_indexing"": [], ""block_sizes"": [1], ""indexing"": [""tensor_descriptor"", ""tensor_descriptor"", ""tensor_descriptor"", ""pointer"", ""pointer"", ""pointer""], ""load_eviction_policies"": ["""", ""first"", ""first"", ""first""], ""num_stages"": 8, ""num_warps"": 1, ""pid_type"": ""flat"", ""range_flattens"": [null], ""range_multi_buffers"": [null], ""range_num_stages"": [0], ""range_unroll_factors"": [0], ""range_warp_specializes"": [null], ""reduction_loops"": [null]}",ok,11.264000087976456,0.12216949462890625,1
softmax,SO_105,3072x2048,heldout,2,heuristics,0,4708becdd7c177b9,"{""atomic_indexing"": [], ""block_sizes"": [1], ""indexing"": [""tensor_descriptor"", ""pointer"", ""pointer"", ""pointer"", ""tensor_descriptor"", ""pointer""], ""load_eviction_policies"": ["""", ""last"", ""first"", """"], ""num_stages"": 4, ""num_warps"": 1, ""pid_type"": ""flat"", ""range_flattens"": [null], ""range_multi_buffers"": [null], ""range_num_stages"": [0], ""range_unroll_factors"": [0], ""range_warp_specializes"": [null], ""reduction_loops"": [null]}",ok,11.296000331640244,0.1121375560760498,1
softmax,SO_105,3072x2048,heldout,2,heuristics,0,99c5aebdeea9e7c6,"{""atomic_indexing"": [], ""block_sizes"": [1], ""indexing"": [""pointer"", ""pointer"", ""tensor_descriptor"", ""pointer"", ""pointer"", ""tensor_descriptor""], ""load_eviction_policies"": ["""", ""first"", ""last"", ""first""], ""num_stages"": 6, ""num_warps"": 1, ""pid_type"": ""flat"", ""range_flattens"": [null], ""range_multi_buffers"": [null], ""range_num_stages"": [0], ""range_unroll_factors"": [0], ""range_warp_specializes"": [null], ""reduction_loops"": [null]}",ok,11.264000087976456,0.10321044921875,1
softmax,SO_105,3072x2048,heldout,2,heuristics,0,5fda1aeabce14faf,"{""atomic_indexing"": [], ""block_sizes"": [1], ""indexing"": [""tensor_descriptor"", ""pointer"", ""pointer"", ""pointer"", ""pointer"", ""tensor_descriptor""], ""load_eviction_policies"": [""first"", ""first"", ""first"", """"], ""num_stages"": 5, ""num_warps"": 1, ""pid_type"": ""flat"", ""range_flattens"": [null], ""range_multi_buffers"": [null], ""range_num_stages"": [0], ""range_unroll_factors"": [0], ""range_warp_specializes"": [null], ""reduction_loops"": [null]}",ok,11.296000331640244,0.08515262603759766,1
softmax,SO_105,3072x2048,heldout,2,heuristics,0,ecba085562a0f716,"{""atomic_indexing"": [], ""block_sizes"": [1], ""indexing"": [""pointer"", ""pointer"", ""tensor_descriptor"", ""pointer"", ""tensor_descriptor"", ""tensor_descriptor""], ""load_eviction_policies"": ["""", ""last"", ""first"", """"], ""num_stages"": 5, ""num_warps"": 4, ""pid_type"": ""flat"", ""range_flattens"": [null], ""range_multi_buffers"": [null], ""range_num_stages"": [0], ""range_unroll_factors"": [0], ""range_warp_specializes"": [null], ""reduction_loops"": [null]}",ok,11.264000087976456,0.0741424560546875,1
softmax,SO_105,3072x2048,heldout,2,heuristics,0,73ee7ebfcd167c3e,"{""atomic_indexing"": [], ""block_sizes"": [1], ""indexing"": [""pointer"", ""pointer"", ""tensor_descriptor"", ""tensor_descriptor"", ""tensor_descriptor"", ""tensor_descriptor""], ""load_eviction_policies"": [""last"", """", """", ""first""], ""num_stages"": 1, ""num_warps"": 4, ""pid_type"": ""flat"", ""range_flattens"": [null], ""range_multi_buffers"": [null], ""range_num_stages"": [0], ""range_unroll_factors"": [0], ""range_warp_specializes"": [null], ""reduction_loops"": [null]}",ok,11.264000087976456,0.06320071220397949,1
softmax,SO_105,3072x2048,heldout,2,heuristics,0,6fa900742bf7cad2,"{""atomic_indexing"": [], ""block_sizes"": [1], ""indexing"": [""pointer"", ""tensor_descriptor"", ""pointer"", ""pointer"", ""pointer"", ""pointer""], ""load_eviction_policies"": ["""", ""first"", """", ""last""], ""num_stages"": 2, ""num_warps"": 2, ""pid_type"": ""flat"", ""range_flattens"": [null], ""range_multi_buffers"": [null], ""range_num_stages"": [0], ""range_unroll_factors"": [0], ""range_warp_specializes"": [null], ""reduction_loops"": [null]}",ok,11.296000331640244,0.054299354553222656,1
softmax,SO_105,3072x2048,heldout,2,heuristics,0,4c8d5c71e5731ce4,"{""atomic_indexing"": [], ""block_sizes"": [1], ""indexing"": [""pointer"", ""tensor_descriptor"", ""tensor_descriptor"", ""pointer"", ""tensor_descriptor"", ""tensor_descriptor""], ""load_eviction_policies"": [""last"", ""first"", ""last"", """"], ""num_stages"": 4, ""num_warps"": 2, ""pid_type"": ""flat"", ""range_flattens"": [null], ""range_multi_buffers"": [null], ""range_num_stages"": [0], ""range_unroll_factors"": [0], ""range_warp_specializes"": [null], ""reduction_loops"": [null]}",ok,11.296000331640244,0.03294038772583008,1
softmax,SO_105,3072x2048,heldout,2,heuristics,0,8f9244c76278f5d3,"{""atomic_indexing"": [], ""block_sizes"": [1], ""indexing"": [""pointer"", ""pointer"", ""pointer"", ""pointer"", ""pointer"", ""pointer""], ""load_eviction_policies"": ["""", """", """", """"], ""num_stages"": 1, ""num_warps"": 4, ""pid_type"": ""flat"", ""range_flattens"": [null], ""range_multi_buffers"": [null], ""range_num_stages"": [0], ""range_unroll_factors"": [0], ""range_warp_specializes"": [null], ""reduction_loops"": [null]}",ok,11.296000331640244,0.05095696449279785,1
softmax,SO_105,3072x2048,heldout,2,heuristics,0,8a28c44bf6c234fc,"{""atomic_indexing"": [], ""block_sizes"": [4], ""indexing"": [""pointer"", ""pointer"", ""pointer"", ""pointer"", ""pointer"", ""pointer""], ""load_eviction_policies"": ["""", """", """", """"], ""num_stages"": 2, ""num_warps"": 8, ""pid_type"": ""flat"", ""range_flattens"": [null], ""range_multi_buffers"": [null], ""range_num_stages"": [0], ""range_unroll_factors"": [0], ""range_warp_specializes"": [null], ""reduction_loops"": [null]}",ok,13.120000250637531,0.05727839469909668,0
softmax,SO_105,3072x2048,heldout,2,heuristics,0,bcd7a62eac7acaf0,"{""atomic_indexing"": [], ""block_sizes"": [8], ""indexing"": [""pointer"", ""pointer"", ""pointer"", ""pointer"", ""pointer"", ""pointer""], ""load_eviction_policies"": ["""", """", """", """"], ""num_sm_multiplier"": 1, ""num_stages"": 3, ""num_warps"": 8, ""pid_type"": ""persistent_blocked"", ""range_flattens"": [null], ""range_multi_buffers"": [null], ""range_num_stages"": [0], ""range_unroll_factors"": [0], ""range_warp_specializes"": [null], ""reduction_loops"": [null]}",ok,15.39199985563755,0.03630971908569336,0
softmax,SO_105,3072x2048,heldout,2,heuristics,0,e114f7ad07636ad0,"{""atomic_indexing"": [], ""block_sizes"": [2], ""indexing"": [""tensor_descriptor"", ""tensor_descriptor"", ""tensor_descriptor"", ""tensor_descriptor"", ""tensor_descriptor"", ""tensor_descriptor""], ""load_eviction_policies"": ["""", """", """", """"], ""num_stages"": 2, ""num_warps"": 8, ""pid_type"": ""flat"", ""range_flattens"": [null], ""range_multi_buffers"": [null], ""range_num_stages"": [0], ""range_unroll_factors"": [0], ""range_warp_specializes"": [null], ""reduction_loops"": [null]}",ok,11.264000087976456,0.02335810661315918,0
softmax,SO_105,3072x2048,heldout,2,heuristics,0,e1e138185ec81072,"{""atomic_indexing"": [], ""block_sizes"": [16], ""indexing"": [""pointer"", ""pointer"", ""pointer"", ""pointer"", ""pointer"", ""pointer""], ""load_eviction_policies"": ["""", """", """", """"], ""num_sm_multiplier"": 1, ""num_stages"": 3, ""num_warps"": 16, ""pid_type"": ""persistent_interleaved"", ""range_flattens"": [null], ""range_multi_buffers"": [null], ""range_num_stages"": [0], ""range_unroll_factors"": [0], ""range_warp_specializes"": [null], ""reduction_loops"": [null]}",ok,17.376000061631203,0.0394892692565918,0
